Disprot ID,Uniprot ID,Disorder regions
DP00003,P03265,294-334
DP00003,P03265,454-464
DP00004,P49913,134-170
DP00004,P49913,134-170
DP00004,P49913,134-170
DP00004,P49913,150-162
DP00004,P49913,150-162
DP00005,P03045,1-107
DP00005,P03045,1-107
DP00005,P03045,1-107
DP00005,P03045,1-107
DP00005,P03045,1-107
DP00005,P03045,1-107
DP00005,P03045,1-107
DP00005,P03045,1-107
DP00005,P03045,1-107
DP00005,P03045,1-22
DP00005,P03045,34-47
DP00005,P03045,34-47
DP00005,P03045,1-22
DP00005,P03045,1-22
DP00005,P03045,1-107
DP00005,P03045,1-36
DP00006,P00004,1-104
DP00006,P00004,1-104
DP00006,P00004,2-105
DP00006,P00004,2-105
DP00007,P27695,1-42
DP00007,P27695,1-36
DP00007,P27695,32-43
DP00007,P27695,2-40
DP00008,Q64693,1-256
DP00008,Q64693,1-256
DP00008,Q64693,1-256
DP00008,Q64693,1-65
DP00008,Q64693,1-256
DP00009,P32774,89-103
DP00009,P32774,89-103
DP00009,P32774,90-102
DP00011,P0DMM9,64-77
DP00011,P0DMM9,64-77
DP00011,P0DMM9,216-261
DP00012,P13569,708-831
DP00012,P13569,708-831
DP00012,P13569,654-838
DP00012,P13569,654-838
DP00012,P13569,708-831
DP00012,P13569,789-819
DP00012,P13569,762-801
DP00012,P13569,747-774
DP00012,P13569,747-774
DP00012,P13569,762-801
DP00012,P13569,789-819
DP00012,P13569,766-770
DP00012,P13569,766-770
DP00012,P13569,751-758
DP00012,P13569,698-702
DP00012,P13569,751-755
DP00012,P13569,764-774
DP00012,P13569,793-798
DP00013,P0DN86,132-165
DP00013,P0DN86,132-165
DP00013,P0DN86,133-165
DP00013,P0DN86,143-165
DP00015,P61926,1-76
DP00015,P61926,1-76
DP00015,P61926,1-76
DP00015,P61926,1-76
DP00015,P61926,1-76
DP00015,P61926,1-14
DP00015,P61926,15-24
DP00015,P61926,38-47
DP00015,P61926,48-75
DP00015,P61926,48-75
DP00015,P61926,1-14
DP00015,P61926,15-24
DP00015,P61926,15-24
DP00015,P61926,1-14
DP00015,P61926,1-14
DP00015,P61926,1-14
DP00015,P61926,1-76
DP00015,P61926,1-76
DP00015,P61926,1-76
DP00016,P38936,1-164
DP00016,P38936,1-164
DP00016,P38936,1-164
DP00016,P38936,1-94
DP00016,P38936,9-84
DP00016,P38936,9-84
DP00016,P38936,9-84
DP00016,P38936,1-94
DP00016,P38936,1-94
DP00016,P38936,1-94
DP00016,P38936,9-84
DP00016,P38936,9-84
DP00016,P38936,1-164
DP00016,P38936,1-164
DP00016,P38936,1-164
DP00016,P38936,1-164
DP00016,P38936,1-164
DP00016,P38936,1-164
DP00016,P38936,139-160
DP00016,P38936,139-160
DP00016,P38936,1-164
DP00016,P38936,1-164
DP00016,P38936,152-158
DP00016,P38936,1-164
DP00016,P38936,1-164
DP00016,P38936,143-147
DP00016,P38936,143-147
DP00016,P38936,139-160
DP00016,P38936,139-143
DP00016,P38936,143-147
DP00016,P38936,1-164
DP00016,P38936,143-147
DP00016,P38936,1-164
DP00016,P38936,1-164
DP00016,P38936,1-164
DP00017,P49918,1-316
DP00017,P49918,1-316
DP00017,P49918,1-316
DP00017,P49918,27-97
DP00017,P49918,27-97
DP00017,P49918,27-97
DP00017,P49918,27-97
DP00018,P46527,38-59
DP00018,P46527,38-59
DP00018,P46527,105-198
DP00018,P46527,1-198
DP00018,P46527,55-95
DP00018,P46527,1-50
DP00018,P46527,97-197
DP00018,P46527,22-97
DP00018,P46527,22-97
DP00018,P46527,22-97
DP00018,P46527,22-97
DP00018,P46527,25-93
DP00018,P46527,25-93
DP00018,P46527,25-93
DP00018,P46527,25-93
DP00018,P46527,181-185
DP00018,P46527,181-190
DP00018,P46527,181-190
DP00018,P46527,185-189
DP00018,P46527,185-190
DP00018,P46527,1-198
DP00018,P46527,22-105
DP00018,P46527,1-198
DP00018,P46527,28-37
DP00018,P46527,66-88
DP00018,P46527,32-45
DP00018,P46527,8-12
DP00018,P46527,8-12
DP00018,P46527,32-45
DP00018,P46527,22-105
DP00018,P46527,38-90
DP00018,P46527,22-97
DP00018,P46527,22-97
DP00018,P46527,22-97
DP00018,P46527,86-90
DP00018,P46527,86-90
DP00018,P46527,91-96
DP00018,P46527,58-105
DP00018,P46527,58-105
DP00020,P11938,1-123
DP00020,P11938,482-512
DP00020,P11938,627-675
DP00020,P11938,565-598
DP00020,P11938,627-674
DP00021,P13551,40-64
DP00021,P13551,44-63
DP00021,P13551,42-60
DP00021,P13551,40-67
DP00021,P13551,416-434
DP00021,P13551,464-475
DP00023,P14061,286-328
DP00023,P14061,191-199
DP00023,P14061,191-199
DP00023,P14061,286-328
DP00024,P03129,1-40
DP00024,P03129,1-40
DP00024,P03129,1-40
DP00024,P03129,1-40
DP00024,P03129,1-40
DP00024,P03129,1-40
DP00024,P03129,1-40
DP00024,P03129,1-46
DP00024,P03129,21-29
DP00024,P03129,21-29
DP00024,P03129,21-29
DP00024,P03129,16-40
DP00024,P03129,16-40
DP00024,P03129,1-40
DP00024,P03129,1-40
DP00024,P03129,1-40
DP00024,P03129,1-51
DP00024,P03129,1-51
DP00024,P03129,1-51
DP00025,P14738,746-858
DP00025,P14738,746-858
DP00025,P14738,746-858
DP00025,P14738,745-874
DP00025,P14738,745-874
DP00025,P14738,745-874
DP00025,P14738,745-874
DP00026,P06179,1-65
DP00026,P06179,455-494
DP00027,P26477,41-97
DP00027,P26477,41-97
DP00027,P26477,41-97
DP00027,P26477,1-97
DP00028,Q13541,4-118
DP00028,Q13541,47-66
DP00028,Q13541,51-63
DP00028,Q13541,49-68
DP00028,Q13541,5-118
DP00028,Q13541,1-118
DP00028,Q13541,49-83
DP00028,Q13541,50-63
DP00028,Q13541,5-118
DP00028,Q13541,4-118
DP00028,Q13541,49-83
DP00028,Q13541,51-64
DP00028,Q13541,51-67
DP00028,Q13541,50-84
DP00028,Q13541,50-63
DP00028,Q13541,51-66
DP00028,Q13541,51-64
DP00028,Q13541,109-118
DP00028,Q13541,109-118
DP00028,Q13541,109-118
DP00028,Q13541,4-118
DP00028,Q13541,49-68
DP00028,Q13541,51-64
DP00028,Q13541,51-67
DP00028,Q13541,51-67
DP00028,Q13541,50-83
DP00029,Q07731,78-113
DP00030,P04150,77-262
DP00030,P04150,77-262
DP00030,P04150,181-244
DP00030,P04150,209-213
DP00030,P04150,77-262
DP00030,P04150,77-262
DP00030,P04150,1-518
DP00030,P04150,1-500
DP00030,P04150,1-500
DP00030,P04150,275-279
DP00030,P04150,291-295
DP00031,P13255,1-18
DP00031,P13255,1-41
DP00031,P13255,1-41
DP00031,P13255,1-41
DP00032,P56206,85-170
DP00033,P10912,270-370
DP00033,P10912,270-370
DP00033,P10912,361-620
DP00033,P10912,361-620
DP00033,P10912,270-357
DP00034,P03661,86-107
DP00034,P03661,86-107
DP00036,P22121,260-273
DP00036,P22121,1-195
DP00036,P22121,1-195
DP00036,P22121,1-195
DP00040,P17096,1-107
DP00040,P17096,51-75
DP00040,P17096,51-75
DP00040,P17096,80-89
DP00040,P17096,80-89
DP00040,P17096,80-89
DP00040,P17096,1-107
DP00040,P17096,51-55
DP00040,P17096,76-80
DP00040,P17096,100-105
DP00040,P17096,6-11
DP00040,P17096,1-107
DP00040,P17096,9-75
DP00040,P17096,50-91
DP00040,P17096,1-107
DP00040,P17096,1-107
DP00040,P17096,70-80
DP00040,P17096,1-107
DP00040,P17096,1-107
DP00040,P17096,1-107
DP00040,P17096,1-107
DP00040,P17096,1-107
DP00040,P17096,69-73
DP00040,P17096,63-67
DP00040,P17096,81-89
DP00040,P17096,50-91
DP00040,P17096,1-107
DP00040,P17096,1-107
DP00040,P17096,1-107
DP00042,P02315,1-70
DP00042,P02315,10-35
DP00042,P02315,1-70
DP00043,P02929,103-151
DP00044,P02259,1-21
DP00044,P02259,99-109
DP00044,P02259,102-190
DP00044,P02259,101-190
DP00047,P02687,1-169
DP00047,P02687,1-169
DP00047,P02687,1-169
DP00047,P02687,1-169
DP00047,P02687,1-169
DP00047,P02687,1-109
DP00048,P03406,58-77
DP00048,P03406,149-178
DP00048,P03406,149-178
DP00048,P03406,54-70
DP00048,P03406,149-177
DP00048,P03406,71-77
DP00048,P03406,71-77
DP00048,P03406,71-77
DP00048,P03406,71-77
DP00049,P70475,487-606
DP00049,P70475,487-606
DP00049,P70475,487-606
DP00049,P70475,487-606
DP00049,P70475,487-606
DP00049,P70475,487-606
DP00049,P70475,487-606
DP00049,P70475,487-606
DP00049,P70475,487-606
DP00049,P70475,487-606
DP00049,P70475,487-606
DP00049,P70475,90-172
DP00051,P07805,1-32
DP00051,P07805,296-308
DP00051,P07805,410-423
DP00051,P07805,410-423
DP00051,P07805,1-32
DP00053,P27001,1-101
DP00053,P27001,1-101
DP00053,P27001,1-84
DP00053,P27001,1-84
DP00053,P27001,1-101
DP00054,P78356,1-33
DP00054,P78356,304-342
DP00054,P78356,373-390
DP00055,P10688,133-157
DP00055,P10688,446-483
DP00057,P15340,1-62
DP00057,P15340,1-62
DP00057,P15340,1-62
DP00057,P15340,1-62
DP00060,P11409,179-216
DP00061,P27694,109-168
DP00061,P27694,109-168
DP00061,P27694,105-180
DP00061,P27694,105-180
DP00062,P19793,1-130
DP00062,P19793,1-130
DP00062,P19793,178-187
DP00062,P19793,178-187
DP00062,P19793,169-189
DP00063,P49799,1-50
DP00063,P49799,179-205
DP00064,P03607,20-57
DP00065,O86488,569-1123
DP00065,O86488,569-1123
DP00065,O86488,569-1123
DP00065,O86488,569-1123
DP00065,O86488,569-1123
DP00065,O86488,569-1123
DP00065,O86488,569-1123
DP00065,O86488,569-1123
DP00065,O86488,569-1123
DP00065,O86488,569-1123
DP00065,O86488,569-1123
DP00065,O86488,1117-1250
DP00067,Q57733,1-32
DP00067,Q57733,1-32
DP00067,Q57733,1-33
DP00067,Q57733,1-33
DP00067,Q57733,1-27
DP00068,P60881,120-206
DP00068,P60881,2-83
DP00068,P60881,2-83
DP00068,P60881,2-83
DP00068,P60881,84-119
DP00068,P60881,2-83
DP00069,P63027,40-67
DP00069,P63027,40-67
DP00070,P37840,1-140
DP00070,P37840,1-140
DP00070,P37840,104-140
DP00070,P37840,104-140
DP00070,P37840,104-140
DP00070,P37840,1-140
DP00070,P37840,1-140
DP00070,P37840,42-92
DP00070,P37840,42-92
DP00070,P37840,42-92
DP00070,P37840,1-140
DP00070,P37840,1-140
DP00070,P37840,1-140
DP00070,P37840,1-140
DP00070,P37840,1-102
DP00070,P37840,1-102
DP00070,P37840,1-102
DP00070,P37840,1-140
DP00070,P37840,1-140
DP00070,P37840,1-140
DP00070,P37840,1-140
DP00070,P37840,1-140
DP00070,P37840,61-95
DP00070,P37840,1-102
DP00070,P37840,1-102
DP00070,P37840,1-102
DP00070,P37840,1-103
DP00070,P37840,103-140
DP00070,P37840,101-140
DP00071,P23441,1-156
DP00071,P23441,1-156
DP00071,P23441,58-78
DP00071,P23441,1-156
DP00071,P23441,1-156
DP00071,P23441,1-156
DP00072,Q8WZ42,9880-12031
DP00072,Q8WZ42,9880-12031
DP00072,Q8WZ42,9880-12031
DP00072,Q8WZ42,11045-11070
DP00073,P04818,1-25
DP00073,P04818,107-128
DP00073,P04818,1-27
DP00073,P04818,117-128
DP00074,P03372,1-184
DP00074,P03372,1-184
DP00074,P03372,1-184
DP00074,P03372,214-236
DP00074,P03372,253-262
DP00074,P03372,1-184
DP00074,P03372,287-305
DP00074,P03372,287-305
DP00074,P03372,287-305
DP00074,P03372,300-304
DP00074,P03372,300-305
DP00074,P03372,1-180
DP00074,P03372,301-305
DP00074,P03372,301-305
DP00075,P11387,1-174
DP00075,P11387,652-696
DP00075,P11387,636-712
DP00075,P11387,636-712
DP00075,P11387,175-214
DP00075,P11387,628-719
DP00075,P11387,1-174
DP00075,P11387,1-174
DP00075,P11387,1-174
DP00075,P11387,1-214
DP00075,P11387,1-214
DP00075,P11387,1-214
DP00075,P11387,1-214
DP00076,P06786,632-652
DP00076,P06786,660-674
DP00076,P06786,1072-1106
DP00076,P06786,1179-1201
DP00076,P06786,1071-1106
DP00076,P06786,259-274
DP00076,P06786,409-418
DP00076,P06786,1077-1106
DP00076,P06786,1178-1201
DP00076,P06786,633-681
DP00076,P06786,409-420
DP00076,P06786,259-275
DP00076,P06786,409-418
DP00077,P07248,75-103
DP00077,P07248,75-103
DP00077,P07248,75-103
DP00077,P07248,75-103
DP00077,P07248,84-102
DP00077,P07248,84-102
DP00077,P07248,84-102
DP00077,P07248,86-102
DP00077,P07248,86-102
DP00077,P07248,86-102
DP00078,P01100,216-380
DP00078,P01100,216-380
DP00078,P01100,216-380
DP00079,Q92731,1-103
DP00079,Q92731,1-103
DP00081,P51123,11-77
DP00081,P51123,11-77
DP00081,P51123,11-77
DP00081,P51123,1840-1860
DP00082,P39935,393-490
DP00082,P39935,393-490
DP00082,P39935,393-490
DP00082,P39935,393-490
DP00082,P39935,393-490
DP00082,P39935,393-490
DP00082,P39935,1-249
DP00082,P39935,187-239
DP00082,P39935,1-239
DP00082,P39935,39-45
DP00082,P39935,100-106
DP00082,P39935,35-49
DP00082,P39935,35-49
DP00082,P39935,35-49
DP00082,P39935,135-160
DP00082,P39935,200-234
DP00082,P39935,1-243
DP00082,P39935,93-114
DP00082,P39935,1-243
DP00082,P39935,1-82
DP00082,P39935,1-82
DP00082,P39935,1-82
DP00083,P03069,101-134
DP00083,P03069,117-127
DP00083,P03069,1-100
DP00083,P03069,101-134
DP00083,P03069,101-134
DP00083,P03069,101-134
DP00084,P61244,1-14
DP00085,Q04206,428-551
DP00085,Q04206,428-551
DP00086,P04637,1-12
DP00086,P04637,1-93
DP00086,P04637,291-312
DP00086,P04637,1-93
DP00086,P04637,20-73
DP00086,P04637,20-73
DP00086,P04637,37-57
DP00086,P04637,37-57
DP00086,P04637,17-29
DP00086,P04637,15-29
DP00086,P04637,367-386
DP00086,P04637,367-386
DP00086,P04637,380-384
DP00086,P04637,367-386
DP00086,P04637,367-386
DP00086,P04637,47-58
DP00086,P04637,41-62
DP00086,P04637,15-29
DP00086,P04637,17-27
DP00086,P04637,1-93
DP00086,P04637,1-93
DP00086,P04637,1-93
DP00086,P04637,14-60
DP00086,P04637,369-377
DP00086,P04637,359-367
DP00086,P04637,366-386
DP00086,P04637,366-386
DP00086,P04637,366-386
DP00086,P04637,385-393
DP00086,P04637,372-389
DP00086,P04637,375-385
DP00086,P04637,367-388
DP00086,P04637,367-388
DP00086,P04637,376-386
DP00086,P04637,372-389
DP00086,P04637,365-375
DP00086,P04637,368-372
DP00086,P04637,379-385
DP00086,P04637,1-39
DP00086,P04637,1-39
DP00086,P04637,14-19
DP00086,P04637,42-56
DP00086,P04637,42-56
DP00086,P04637,1-73
DP00086,P04637,1-73
DP00086,P04637,1-73
DP00086,P04637,1-73
DP00086,P04637,20-46
DP00086,P04637,56-70
DP00086,P04637,1-61
DP00086,P04637,1-61
DP00086,P04637,14-28
DP00086,P04637,38-61
DP00086,P04637,1-61
DP00086,P04637,1-61
DP00086,P04637,361-393
DP00086,P04637,361-393
DP00086,P04637,19-26
DP00086,P04637,367-388
DP00087,P68336,413-490
DP00087,P68336,413-490
DP00087,P68336,413-490
DP00087,P68336,413-490
DP00087,P68336,413-490
DP00087,P68336,413-490
DP00087,P68336,413-490
DP00087,P68336,413-490
DP00088,P0ABI8,553-663
DP00088,P0ABI8,1-51
DP00089,P0ABJ1,284-315
DP00089,P0ABJ1,1-26
DP00089,P0ABJ1,284-315
DP00090,Q14722,1-62
DP00090,Q14722,1-62
DP00090,Q14722,1-62
DP00090,Q14722,1-62
DP00091,P27088,1-84
DP00091,P27088,1-84
DP00091,P27088,199-265
DP00091,P27088,199-265
DP00092,Q08209,1-13
DP00092,Q08209,374-468
DP00092,Q08209,487-521
DP00092,Q08209,373-466
DP00092,Q08209,373-466
DP00092,Q08209,373-466
DP00092,Q08209,373-468
DP00092,Q08209,373-468
DP00092,Q08209,1-13
DP00092,Q08209,487-521
DP00092,Q08209,373-466
DP00092,Q08209,388-466
DP00092,Q08209,388-466
DP00092,Q08209,389-413
DP00092,Q08209,389-413
DP00092,Q08209,393-411
DP00092,Q08209,393-411
DP00092,Q08209,393-411
DP00094,P04177,33-50
DP00094,P04177,33-50
DP00094,P04177,33-50
DP00094,P04177,1-72
DP00094,P04177,85-96
DP00094,P04177,119-130
DP00094,P04177,38-42
DP00094,P04177,28-71
DP00094,P04177,42-71
DP00094,P04177,14-34
DP00096,Q9HKT1,179-193
DP00096,Q9HKT1,179-193
DP00097,P10922,2-31
DP00097,P10922,2-31
DP00097,P10922,2-31
DP00097,P10922,93-194
DP00097,P10922,93-194
DP00097,P10922,21-25
DP00098,Q53654,332-344
DP00098,Q53654,164-173
DP00098,Q53654,164-173
DP00099,P50440,38-63
DP00100,P0A6H5,175-209
DP00100,P0A6H5,175-209
DP00101,P12493,467-480
DP00101,P12493,449-461
DP00102,P10587,200-217
DP00102,P10587,406-415
DP00102,P10587,627-656
DP00103,P09372,1-32
DP00103,P09372,1-32
DP00104,P32773,210-240
DP00107,P69924,342-376
DP00107,P69924,342-376
DP00108,P07598,399-421
DP00108,P07598,399-421
DP00110,P40881,1-37
DP00110,P40881,1-37
DP00111,P27577,244-301
DP00111,P27577,244-301
DP00111,P27577,244-301
DP00111,P27577,244-301
DP00111,P27577,29-49
DP00111,P27577,29-49
DP00111,P27577,29-49
DP00112,P22239,1-155
DP00112,P22239,1-155
DP00112,P22239,1-155
DP00112,P22239,1-155
DP00113,P31109,1-93
DP00113,P31109,1-93
DP00113,P31109,1-93
DP00113,P31109,1-93
DP00113,P31109,1-93
DP00113,P31109,1-93
DP00113,P31109,1-93
DP00113,P31109,1-93
DP00113,P31109,1-93
DP00113,P31109,1-93
DP00113,P31109,1-93
DP00113,P31109,1-93
DP00116,P81455,1-49
DP00116,P81455,1-49
DP00116,P81455,1-49
DP00118,P05059,1-449
DP00118,P05059,407-431
DP00118,P05059,407-431
DP00118,P05059,1-449
DP00118,P05059,1-449
DP00118,P05059,1-449
DP00118,P05059,1-449
DP00118,P05059,1-449
DP00118,P05059,1-449
DP00119,P10163,17-310
DP00119,P10163,17-310
DP00120,P12957,636-771
DP00120,P12957,636-771
DP00120,P12957,636-771
DP00120,P12957,636-771
DP00120,P12957,636-771
DP00120,P12957,636-771
DP00120,P12957,636-771
DP00122,P15146,1-135
DP00122,P15146,298-467
DP00122,P15146,136-297
DP00122,P15146,136-297
DP00123,P01730,396-433
DP00123,P01730,403-415
DP00123,P01730,372-395
DP00123,P01730,372-395
DP00123,P01730,372-395
DP00128,P40357,401-651
DP00128,P40357,401-651
DP00129,Q04207,295-304
DP00129,Q04207,295-304
DP00130,P22531,2-20
DP00130,P22531,2-20
DP00130,P22531,48-72
DP00130,P22531,48-72
DP00132,P07221,376-395
DP00132,P07221,1-395
DP00132,P07221,1-395
DP00132,P07221,1-395
DP00132,P07221,1-395
DP00132,P07221,1-395
DP00132,P07221,1-395
DP00132,P07221,1-395
DP00132,P07221,1-395
DP00133,P03422,1-230
DP00133,P03422,1-230
DP00133,P03422,1-230
DP00133,P03422,1-230
DP00133,P03422,1-50
DP00133,P03422,1-300
DP00133,P03422,1-229
DP00133,P03422,1-50
DP00133,P03422,1-230
DP00133,P03422,1-230
DP00133,P03422,1-304
DP00133,P03422,377-457
DP00133,P03422,377-457
DP00133,P03422,377-457
DP00133,P03422,377-457
DP00134,Q06787,281-422
DP00134,Q06787,516-632
DP00134,Q06787,444-632
DP00134,Q06787,444-632
DP00134,Q06787,445-632
DP00134,Q06787,445-632
DP00134,Q06787,445-632
DP00134,Q06787,445-632
DP00134,Q06787,527-541
DP00134,Q06787,527-541
DP00134,Q06787,529-542
DP00134,Q06787,529-542
DP00134,Q06787,281-422
DP00134,Q06787,516-632
DP00134,Q06787,516-632
DP00134,Q06787,516-632
DP00135,P10961,1-167
DP00135,P10961,260-332
DP00135,P10961,260-332
DP00135,P10961,1-167
DP00135,P10961,1-167
DP00136,P15865,1-219
DP00136,P15865,1-219
DP00136,P15865,1-219
DP00137,P01050,50-65
DP00137,P01050,55-64
DP00137,P01050,55-64
DP00137,P01050,50-65
DP00137,P01050,50-65
DP00138,P12272,37-50
DP00138,P12272,68-144
DP00140,P0A7L8,1-85
DP00140,P0A7L8,1-85
DP00141,O95405,766-823
DP00141,O95405,766-823
DP00142,P14602,192-209
DP00144,Q9VAN6,258-276
DP00144,Q9VAN6,108-172
DP00144,Q9VAN6,1-16
DP00144,Q9VAN6,109-175
DP00144,Q9VAN6,1-175
DP00144,Q9VAN6,17-108
DP00147,P0A7U3,82-92
DP00148,P03347,378-389
DP00148,P03347,428-449
DP00151,P02547,444-549
DP00151,P02547,444-549
DP00152,Q13426,204-265
DP00152,Q13426,202-336
DP00153,P01112,170-189
DP00155,P32851,10-26
DP00155,P32851,10-26
DP00156,P54725,79-160
DP00156,P54725,79-160
DP00156,P54725,201-231
DP00156,P54725,201-231
DP00156,P54725,283-316
DP00156,P54725,283-316
DP00157,P0CL52,497-513
DP00157,P0CL52,659-670
DP00157,P0CL52,446-513
DP00157,P0CL52,659-685
DP00157,P0CL52,426-513
DP00157,P0CL52,659-685
DP00157,P0CL52,426-513
DP00157,P0CL52,659-685
DP00159,P09803,812-884
DP00159,P09803,812-884
DP00159,P09803,812-884
DP00159,P09803,812-884
DP00159,P09803,812-884
DP00159,P09803,812-884
DP00159,P09803,812-884
DP00159,P09803,812-884
DP00159,P09803,812-884
DP00159,P09803,812-884
DP00159,P09803,812-884
DP00159,P09803,812-884
DP00159,P09803,732-884
DP00159,P09803,778-884
DP00159,P09803,784-852
DP00159,P09803,855-881
DP00159,P09803,778-884
DP00159,P09803,736-884
DP00159,P09803,736-884
DP00159,P09803,736-884
DP00159,P09803,736-884
DP00159,P09803,812-884
DP00159,P09803,812-884
DP00159,P09803,812-884
DP00159,P09803,812-884
DP00159,P09803,736-884
DP00161,P77173,29-185
DP00161,P77173,29-185
DP00162,O75324,34-60
DP00162,O75324,34-60
DP00163,Q03768,1-166
DP00163,Q03768,1-265
DP00163,Q03768,1-166
DP00163,Q03768,1-265
DP00164,P05318,1-106
DP00164,P05318,1-106
DP00164,P05318,1-106
DP00164,P05318,1-106
DP00166,P19429,192-210
DP00166,P19429,137-148
DP00166,P19429,137-148
DP00166,P19429,1-40
DP00166,P19429,167-210
DP00166,P19429,167-210
DP00168,Q9NVS9,1-48
DP00169,P32882,432-445
DP00171,P04049,236-255
DP00171,P04049,238-254
DP00173,O00273,1-100
DP00173,O00273,1-100
DP00173,O00273,12-100
DP00173,O00273,12-100
DP00175,Q9NQB0,1-56
DP00175,Q9NQB0,40-50
DP00175,Q9NQB0,40-50
DP00175,Q9NQB0,13-25
DP00175,Q9NQB0,13-25
DP00175,Q9NQB0,1-53
DP00175,Q9NQB0,1-130
DP00175,Q9NQB0,1-53
DP00175,Q9NQB0,1-53
DP00175,Q9NQB0,1-53
DP00175,Q9NQB0,26-39
DP00176,P42512,38-55
DP00176,P42512,504-513
DP00177,Q9Y5B0,879-944
DP00177,Q9Y5B0,879-961
DP00177,Q9Y5B0,945-961
DP00177,Q9Y5B0,945-961
DP00177,Q9Y5B0,944-961
DP00177,Q9Y5B0,950-961
DP00179,P01094,1-68
DP00179,P01094,2-34
DP00179,P01094,33-68
DP00179,P01094,2-32
DP00179,P01094,2-32
DP00179,P01094,1-68
DP00179,P01094,1-68
DP00179,P01094,1-68
DP00179,P01094,2-34
DP00180,P19972,146-222
DP00180,P19972,146-222
DP00180,P19972,146-222
DP00180,P19972,146-222
DP00181,P08775,1529-1959
DP00182,P03087,1-13
DP00182,P03087,344-362
DP00182,P03087,1-21
DP00182,P03087,1-21
DP00184,P11473,165-215
DP00186,Q95V77,1-143
DP00186,Q95V77,1-143
DP00186,Q95V77,1-143
DP00186,Q95V77,1-143
DP00187,P04273,23-106
DP00187,P04273,90-126
DP00187,P04273,90-122
DP00187,P04273,23-106
DP00187,P04273,23-106
DP00187,P04273,23-106
DP00187,P04273,23-106
DP00187,P04273,23-106
DP00188,P12359,1-88
DP00189,P04324,42-57
DP00189,P04324,2-14
DP00189,P04324,2-34
DP00189,P04324,2-14
DP00189,P04324,2-14
DP00190,P38038,52-62
DP00190,P38038,209-218
DP00192,P02668,1-190
DP00194,P0AFZ3,111-165
DP00194,P0AFZ3,118-165
DP00194,P0AFZ3,112-154
DP00194,P0AFZ3,156-165
DP00194,P0AFZ3,156-165
DP00194,P0AFZ3,118-165
DP00194,P0AFZ3,156-165
DP00194,P0AFZ3,156-165
DP00195,P02313,1-90
DP00195,P02313,1-90
DP00195,P02313,1-90
DP00195,P02313,16-41
DP00195,P02313,1-90
DP00196,P20810,137-277
DP00196,P20810,137-277
DP00196,P20810,137-277
DP00196,P20810,137-277
DP00196,P20810,137-277
DP00197,P0A707,78-89
DP00197,P0A707,78-89
DP00200,P20963,49-164
DP00200,P20963,49-164
DP00200,P20963,49-164
DP00200,P20963,49-164
DP00200,P20963,49-164
DP00201,P02721,55-66
DP00201,P02721,84-108
DP00202,P0A8H9,40-65
DP00207,P21513,498-1061
DP00207,P21513,628-843
DP00207,P21513,498-1061
DP00207,P21513,603-850
DP00207,P21513,603-850
DP00207,P21513,816-850
DP00207,P21513,816-850
DP00207,P21513,816-850
DP00207,P21513,498-1061
DP00207,P21513,498-1061
DP00207,P21513,498-1061
DP00207,P21513,628-843
DP00207,P21513,628-843
DP00207,P21513,628-843
DP00207,P21513,628-843
DP00207,P21513,628-843
DP00207,P21513,580-1038
DP00207,P21513,816-1038
DP00207,P21513,833-850
DP00207,P21513,1021-1061
DP00214,P10451,1-314
DP00214,P10451,1-314
DP00214,P10451,1-314
DP00214,P10451,1-314
DP00214,P10451,1-314
DP00214,P10451,1-314
DP00214,P10451,1-314
DP00214,P10451,158-162
DP00214,P10451,1-314
DP00214,P10451,17-314
DP00214,P10451,17-314
DP00214,P10451,17-314
DP00214,P10451,17-314
DP00214,P10451,85-116
DP00214,P10451,85-116
DP00214,P10451,1-314
DP00217,P05221,153-171
DP00217,P05221,120-200
DP00217,P05221,1-10
DP00217,P05221,125-200
DP00219,O60927,1-126
DP00219,O60927,1-126
DP00219,O60927,14-126
DP00219,O60927,1-126
DP00219,O60927,1-126
DP00220,P17810,284-346
DP00220,P17810,284-346
DP00220,P17810,284-346
DP00220,P17810,284-346
DP00220,P17810,284-346
DP00222,P32499,1-720
DP00222,P32499,1-720
DP00222,P32499,1-720
DP00222,P32499,1-720
DP00222,P32499,1-720
DP00222,P32499,1-720
DP00222,P32499,185-527
DP00222,P32499,562-720
DP00223,P14635,1-78
DP00223,P14635,1-78
DP00225,Q05140,745-896
DP00225,Q05140,328-896
DP00225,Q05140,328-745
DP00225,Q05140,328-896
DP00225,Q05140,328-896
DP00225,Q05140,328-896
DP00225,Q05140,328-896
DP00225,Q05140,328-896
DP00225,Q05140,328-896
DP00226,Q9CXW3,48-77
DP00226,Q9CXW3,48-77
DP00226,Q9CXW3,48-77
DP00226,Q9CXW3,178-229
DP00226,Q9CXW3,48-77
DP00228,P07293,724-760
DP00228,P07293,724-760
DP00228,P07293,724-760
DP00228,P07293,724-760
DP00228,P07293,724-760
DP00228,P07293,724-760
DP00228,P07293,724-760
DP00228,P07293,724-760
DP00228,P07293,724-760
DP00229,P05455,326-408
DP00229,P05455,326-408
DP00229,P05455,335-408
DP00230,Q14449,361-435
DP00230,Q14449,361-435
DP00230,Q14449,361-435
DP00230,Q14449,361-435
DP00231,P14859,1-200
DP00231,P14859,1-200
DP00231,P14859,1-200
DP00231,P14859,1-200
DP00231,P14859,1-200
DP00231,P14859,1-200
DP00231,P14859,355-379
DP00231,P14859,355-379
DP00233,P14448,19-44
DP00233,P14448,239-505
DP00236,P02686,134-304
DP00238,P38398,100-1649
DP00238,P38398,100-1649
DP00238,P38398,100-1649
DP00238,P38398,498-663
DP00238,P38398,936-1057
DP00238,P38398,219-498
DP00238,P38398,175-303
DP00238,P38398,433-511
DP00238,P38398,304-394
DP00238,P38398,304-394
DP00238,P38398,758-1064
DP00238,P38398,758-1064
DP00238,P38398,740-1083
DP00238,P38398,740-1083
DP00238,P38398,1343-1440
DP00238,P38398,1407-1414
DP00238,P38398,758-1064
DP00239,P31896,1-27
DP00240,P35611,430-737
DP00240,P35611,430-737
DP00240,P35611,430-737
DP00240,P35611,430-737
DP00241,P35612,409-726
DP00241,P35612,409-726
DP00241,P35612,409-726
DP00241,P35612,409-726
DP00243,P23025,166-179
DP00243,P23025,166-179
DP00243,P23025,210-219
DP00243,P23025,1-101
DP00245,P00514,91-112
DP00245,P00514,91-112
DP00246,P21758,1-50
DP00246,P21758,1-50
DP00246,P21758,1-50
DP00246,P21758,1-50
DP00246,P21758,1-50
DP00249,P63315,103-161
DP00249,P63315,103-161
DP00249,P63315,103-161
DP00250,P01555,44-54
DP00250,P01555,44-54
DP00250,P01555,19-212
DP00250,P01555,19-212
DP00250,P01555,19-212
DP00250,P01555,19-212
DP00250,P01555,19-212
DP00250,P01555,19-212
DP00250,P01555,44-54
DP00250,P01555,44-54
DP00250,P01555,186-204
DP00250,P01555,186-204
DP00250,P01555,186-204
DP00250,P01555,186-204
DP00250,P01555,19-212
DP00250,P01555,19-212
DP00250,P01555,186-204
DP00250,P01555,254-258
DP00250,P01555,19-212
DP00250,P01555,19-212
DP00250,P01555,19-212
DP00250,P01555,101-106
DP00250,P01555,19-212
DP00251,O88339,144-575
DP00251,O88339,144-575
DP00251,O88339,144-575
DP00251,O88339,144-575
DP00251,O88339,144-575
DP00251,O88339,144-575
DP00252,P0A877,55-65
DP00252,P0A877,55-65
DP00252,P0A877,55-65
DP00252,P0A877,55-65
DP00252,P0A877,54-65
DP00252,P0A877,54-65
DP00252,P0A877,54-65
DP00252,P0A877,54-65
DP00252,P0A877,54-74
DP00252,P0A877,54-74
DP00252,P0A877,54-74
DP00252,P0A877,54-74
DP00253,P26645,1-309
DP00253,P26645,1-309
DP00253,P26645,1-309
DP00253,P26645,1-309
DP00256,P40316,1-110
DP00256,P40316,1-110
DP00257,O31851,89-125
DP00257,O31851,89-125
DP00257,O31851,89-125
DP00257,O31851,89-125
DP00257,O31851,89-125
DP00257,O31851,89-125
DP00257,O31851,89-125
DP00257,O31851,89-125
DP00260,P01106,1-88
DP00260,P01106,1-167
DP00260,P01106,1-143
DP00260,P01106,1-143
DP00260,P01106,1-88
DP00260,P01106,1-88
DP00260,P01106,1-88
DP00260,P01106,1-88
DP00260,P01106,1-88
DP00260,P01106,1-167
DP00260,P01106,89-167
DP00260,P01106,89-167
DP00260,P01106,1-143
DP00260,P01106,1-143
DP00260,P01106,402-412
DP00260,P01106,363-381
DP00260,P01106,353-439
DP00260,P01106,367-439
DP00260,P01106,129-142
DP00260,P01106,51-69
DP00260,P01106,55-68
DP00260,P01106,55-68
DP00260,P01106,56-60
DP00260,P01106,60-64
DP00260,P01106,51-66
DP00262,Q16665,530-698
DP00262,Q16665,530-698
DP00262,Q16665,530-698
DP00262,Q16665,403-603
DP00262,Q16665,403-603
DP00262,Q16665,776-826
DP00262,Q16665,403-603
DP00262,Q16665,791-804
DP00262,Q16665,815-824
DP00262,Q16665,776-826
DP00262,Q16665,776-826
DP00262,Q16665,776-826
DP00262,Q16665,530-698
DP00262,Q16665,403-603
DP00262,Q16665,403-603
DP00262,Q16665,403-603
DP00262,Q16665,530-698
DP00262,Q16665,530-698
DP00262,Q16665,776-813
DP00262,Q16665,795-822
DP00262,Q16665,560-567
DP00262,Q16665,556-574
DP00262,Q16665,561-566
DP00262,Q16665,571-574
DP00262,Q16665,571-577
DP00265,P04925,23-120
DP00265,P04925,105-119
DP00265,P04925,95-110
DP00265,P04925,95-110
DP00265,P04925,91-123
DP00265,P04925,52-98
DP00265,P04925,93-109
DP00265,P04925,93-109
DP00265,P04925,93-109
DP00265,P04925,93-109
DP00265,P04925,23-51
DP00265,P04925,93-109
DP00265,P04925,23-51
DP00265,P04925,93-105
DP00265,P04925,23-114
DP00265,P04925,23-114
DP00265,P04925,23-114
DP00269,Q24298,1350-1507
DP00269,Q24298,1350-1507
DP00269,Q24298,1350-1507
DP00269,Q24298,1350-1507
DP00269,Q24298,1350-1507
DP00269,Q24298,1350-1507
DP00269,Q24298,1350-1507
DP00269,Q24298,1350-1507
DP00269,Q24298,1350-1507
DP00271,P02699,226-242
DP00271,P02699,327-348
DP00271,P02699,327-348
DP00271,P02699,334-348
DP00273,P04695,340-350
DP00273,P04695,340-350
DP00273,P04695,340-350
DP00273,P04695,340-350
DP00273,P04695,340-350
DP00277,Q12287,1-27
DP00278,P08050,255-314
DP00278,P08050,264-372
DP00278,P08050,327-382
DP00278,P08050,327-382
DP00278,P08050,364-382
DP00278,P08050,255-382
DP00279,P08523,35-49
DP00279,P08523,35-49
DP00279,P08523,35-49
DP00279,P08523,57-68
DP00279,P08523,57-68
DP00279,P08523,57-68
DP00279,P08523,84-99
DP00279,P08523,84-99
DP00279,P08523,84-99
DP00282,Q04656,1125-1176
DP00284,P16009,346-361
DP00284,P16009,346-361
DP00284,P16009,346-361
DP00284,P16009,346-361
DP00284,P16009,350-354
DP00284,P16009,346-361
DP00285,P10388,168-461
DP00285,P10388,168-461
DP00286,Q32NN2,203-215
DP00287,P40337,1-59
DP00287,P40337,54-213
DP00287,P40337,54-213
DP00287,P40337,54-213
DP00287,P40337,54-213
DP00287,P40337,54-213
DP00287,P40337,54-213
DP00287,P40337,54-213
DP00287,P40337,67-117
DP00287,P40337,156-161
DP00287,P40337,80-84
DP00287,P40337,153-184
DP00287,P40337,153-184
DP00287,P40337,153-184
DP00287,P40337,67-117
DP00287,P40337,72-78
DP00287,P40337,147-153
DP00287,P40337,147-153
DP00287,P40337,72-78
DP00287,P40337,72-78
DP00287,P40337,147-153
DP00287,P40337,147-153
DP00287,P40337,72-78
DP00287,P40337,72-78
DP00287,P40337,147-153
DP00287,P40337,147-153
DP00287,P40337,72-78
DP00287,P40337,1-213
DP00287,P40337,1-213
DP00287,P40337,59-213
DP00287,P40337,1-213
DP00287,P40337,1-213
DP00287,P40337,1-155
DP00287,P40337,1-213
DP00287,P40337,1-213
DP00287,P40337,1-213
DP00287,P40337,1-213
DP00287,P40337,1-213
DP00287,P40337,1-213
DP00287,P40337,1-213
DP00287,P40337,1-213
DP00287,P40337,1-213
DP00287,P40337,1-213
DP00287,P40337,1-213
DP00287,P40337,1-213
DP00287,P40337,1-213
DP00287,P40337,97-102
DP00287,P40337,97-102
DP00287,P40337,97-102
DP00287,P40337,97-102
DP00287,P40337,97-102
DP00288,Q06253,52-73
DP00288,Q06253,52-73
DP00288,Q06253,52-73
DP00288,Q06253,41-73
DP00288,Q06253,1-73
DP00288,Q06253,1-73
DP00288,Q06253,1-73
DP00288,Q06253,1-73
DP00288,Q06253,1-73
DP00288,Q06253,1-57
DP00288,Q06253,1-57
DP00288,Q06253,1-73
DP00288,Q06253,1-57
DP00288,Q06253,1-57
DP00288,Q06253,1-73
DP00288,Q06253,1-73
DP00288,Q06253,1-73
DP00288,Q06253,1-73
DP00288,Q06253,1-58
DP00288,Q06253,1-58
DP00288,Q06253,56-73
DP00288,Q06253,1-73
DP00288,Q06253,1-73
DP00288,Q06253,1-73
DP00288,Q06253,1-73
DP00288,Q06253,1-73
DP00288,Q06253,1-73
DP00288,Q06253,1-73
DP00288,Q06253,51-73
DP00288,Q06253,51-73
DP00288,Q06253,58-73
DP00288,Q06253,51-73
DP00288,Q06253,41-57
DP00288,Q06253,1-73
DP00291,Q9QXT8,65-77
DP00291,Q9QXT8,198-211
DP00291,Q9QXT8,65-256
DP00291,Q9QXT8,65-256
DP00291,Q9QXT8,139-150
DP00291,Q9QXT8,175-186
DP00291,Q9QXT8,223-234
DP00291,Q9QXT8,65-256
DP00291,Q9QXT8,65-256
DP00291,Q9QXT8,65-256
DP00291,Q9QXT8,65-256
DP00291,Q9QXT8,223-234
DP00291,Q9QXT8,175-186
DP00292,P0C5S4,85-97
DP00297,P10415,26-48
DP00297,P10415,26-48
DP00297,P10415,26-48
DP00298,Q07817,28-80
DP00298,Q07817,28-80
DP00298,Q07817,28-80
DP00298,Q07817,28-80
DP00298,Q07817,28-80
DP00298,Q07817,28-80
DP00298,Q07817,25-80
DP00299,P0AE70,16-29
DP00299,P0AE70,16-29
DP00299,P0AE70,16-29
DP00301,P0ABQ4,63-72
DP00301,P0ABQ4,63-72
DP00301,P0ABQ4,63-72
DP00301,P0ABQ4,63-72
DP00301,P0ABQ4,63-72
DP00301,P0ABQ4,63-72
DP00301,P0ABQ4,63-72
DP00301,P0ABQ4,63-72
DP00301,P0ABQ4,116-132
DP00301,P0ABQ4,116-132
DP00301,P0ABQ4,116-132
DP00301,P0ABQ4,116-132
DP00301,P0ABQ4,116-132
DP00301,P0ABQ4,116-132
DP00301,P0ABQ4,116-132
DP00301,P0ABQ4,116-132
DP00301,P0ABQ4,9-24
DP00301,P0ABQ4,9-24
DP00301,P0ABQ4,9-24
DP00301,P0ABQ4,9-24
DP00301,P0ABQ4,9-24
DP00301,P0ABQ4,9-24
DP00301,P0ABQ4,9-24
DP00301,P0ABQ4,9-24
DP00304,P31751,298-310
DP00304,P31751,297-312
DP00304,P31751,442-460
DP00304,P31751,442-480
DP00304,P31751,441-481
DP00304,P31751,190-201
DP00304,P31751,298-310
DP00304,P31751,472-476
DP00306,Q07108,64-84
DP00307,P51946,288-323
DP00307,P51946,1-10
DP00307,P51946,288-323
DP00307,P51946,1-10
DP00308,P06132,1-10
DP00308,P06132,1-10
DP00309,P00533,985-1012
DP00309,P00533,989-1000
DP00310,P62495,333-342
DP00310,P62495,358-370
DP00310,P62495,423-437
DP00310,P62495,414-437
DP00310,P62495,329-372
DP00311,P24071,217-229
DP00314,Q9UJY5,166-189
DP00314,Q9UJY5,144-170
DP00314,Q9UJY5,303-326
DP00315,O43464,344-358
DP00315,O43464,280-292
DP00315,O43464,344-358
DP00315,O43464,344-357
DP00315,O43464,344-357
DP00315,O43464,345-358
DP00315,O43464,345-358
DP00319,O15350,549-564
DP00320,P05121,355-370
DP00320,P05121,361-370
DP00320,P05121,355-370
DP00321,Q9UM07,55-65
DP00321,Q9UM07,158-171
DP00321,Q9UM07,338-348
DP00321,Q9UM07,371-387
DP00321,Q9UM07,633-644
DP00322,P11309,14-31
DP00323,O75469,130-141
DP00323,O75469,178-197
DP00324,P09651,92-102
DP00324,P09651,92-102
DP00324,P09651,182-196
DP00324,P09651,92-102
DP00324,P09651,92-102
DP00324,P09651,92-102
DP00324,P09651,183-190
DP00324,P09651,342-357
DP00324,P09651,182-186
DP00324,P09651,93-97
DP00325,P01099,1-166
DP00325,P01099,1-166
DP00325,P01099,1-166
DP00325,P01099,1-166
DP00327,O14832,31-42
DP00327,O14832,223-233
DP00327,O14832,303-318
DP00328,Q08605,310-335
DP00328,Q08605,310-335
DP00328,Q08605,310-335
DP00328,Q08605,310-335
DP00328,Q08605,310-335
DP00328,Q08605,281-348
DP00328,Q08605,281-348
DP00328,Q08605,281-348
DP00328,Q08605,281-348
DP00328,Q08605,368-444
DP00328,Q08605,368-444
DP00328,Q08605,368-444
DP00328,Q08605,368-444
DP00329,P02666,1-25
DP00329,P02666,1-224
DP00329,P02666,1-224
DP00329,P02666,1-224
DP00329,P02666,1-224
DP00329,P02666,1-224
DP00329,P02666,1-224
DP00329,P02666,1-224
DP00329,P02666,1-224
DP00329,P02666,1-224
DP00332,P21815,1-317
DP00332,P21815,1-317
DP00332,P21815,1-317
DP00332,P21815,285-289
DP00332,P21815,285-289
DP00332,P21815,285-289
DP00332,P21815,1-317
DP00332,P21815,1-317
DP00332,P21815,258-317
DP00332,P21815,258-317
DP00332,P21815,1-317
DP00333,P27797,367-417
DP00333,P27797,367-417
DP00333,P27797,18-417
DP00333,P27797,18-307
DP00333,P27797,308-417
DP00333,P27797,18-417
DP00333,P27797,18-417
DP00333,P27797,199-204
DP00333,P27797,199-204
DP00333,P27797,199-204
DP00333,P27797,199-204
DP00333,P27797,199-204
DP00333,P27797,199-204
DP00333,P27797,18-417
DP00333,P27797,261-278
DP00333,P27797,120-146
DP00333,P27797,168-182
DP00333,P27797,219-226
DP00334,Q00987,1-24
DP00334,Q00987,210-304
DP00334,Q00987,215-300
DP00335,Q64364,1-37
DP00335,Q64364,1-37
DP00335,Q64364,1-37
DP00335,Q64364,1-37
DP00335,Q64364,1-37
DP00337,P06968,137-152
DP00337,P06968,138-152
DP00339,P16442,179-194
DP00339,P16442,179-194
DP00340,P62965,1-137
DP00340,P62965,1-137
DP00340,P62965,1-137
DP00341,Q02248,664-781
DP00341,Q02248,664-781
DP00341,Q02248,664-781
DP00341,Q02248,1-133
DP00341,Q02248,672-781
DP00341,Q02248,17-48
DP00341,Q02248,17-48
DP00342,P09883,1-83
DP00342,P09883,1-61
DP00342,P09883,2-18
DP00342,P09883,2-18
DP00342,P09883,54-63
DP00342,P09883,32-47
DP00342,P09883,34-46
DP00342,P09883,32-47
DP00342,P09883,33-44
DP00342,P09883,2-18
DP00342,P09883,32-47
DP00343,Q9Y6Q9,1018-1088
DP00343,Q9Y6Q9,1045-1085
DP00343,Q9Y6Q9,1018-1088
DP00343,Q9Y6Q9,1018-1045
DP00343,Q9Y6Q9,1045-1085
DP00344,P62152,74-83
DP00345,P16535,884-953
DP00345,P16535,884-953
DP00345,P16535,884-953
DP00345,P16535,884-953
DP00345,P16535,884-953
DP00346,P07140,142-173
DP00346,P07140,613-623
DP00347,P04972,1-87
DP00347,P04972,1-87
DP00347,P04972,1-87
DP00347,P04972,1-87
DP00347,P04972,1-87
DP00347,P04972,1-87
DP00347,P04972,1-87
DP00347,P04972,1-87
DP00347,P04972,1-87
DP00347,P04972,1-87
DP00347,P04972,1-87
DP00347,P04972,1-87
DP00347,P04972,1-21
DP00347,P04972,1-21
DP00347,P04972,1-21
DP00347,P04972,46-78
DP00347,P04972,46-78
DP00347,P04972,46-78
DP00347,P04972,46-78
DP00348,P45481,2113-2152
DP00348,P45481,2113-2152
DP00348,P45481,2113-2152
DP00348,P45481,2059-2117
DP00348,P45481,2059-2117
DP00348,P45481,2059-2117
DP00348,P45481,2059-2117
DP00348,P45481,2059-2118
DP00348,P45481,2059-2118
DP00348,P45481,2059-2118
DP00348,P45481,2059-2118
DP00348,P45481,2059-2118
DP00348,P45481,2059-2118
DP00348,P45481,2059-2118
DP00348,P45481,2059-2118
DP00348,P45481,2059-2118
DP00348,P45481,2059-2118
DP00348,P45481,2059-2117
DP00348,P45481,2059-2117
DP00348,P45481,2059-2117
DP00349,P06709,212-223
DP00349,P06709,212-223
DP00349,P06709,212-234
DP00349,P06709,212-234
DP00350,Q56311,37-49
DP00350,Q56311,109-122
DP00351,Q27974,547-813
DP00351,Q27974,547-813
DP00351,Q27974,547-813
DP00351,Q27974,547-813
DP00351,Q27974,547-813
DP00351,Q27974,547-813
DP00352,O33599,26-44
DP00352,O33599,147-182
DP00353,P23202,1-90
DP00353,P23202,1-90
DP00353,P23202,1-90
DP00353,P23202,1-90
DP00353,P23202,273-294
DP00353,P23202,1-89
DP00356,Q99967,220-269
DP00356,Q99967,220-269
DP00356,Q99967,220-269
DP00356,Q99967,220-269
DP00356,Q99967,258-269
DP00356,Q99967,258-269
DP00356,Q99967,258-269
DP00356,Q99967,258-269
DP00357,P62328,1-44
DP00357,P62328,1-44
DP00357,P62328,1-44
DP00357,P62328,17-44
DP00357,P62328,17-44
DP00357,P62328,17-44
DP00357,P62328,1-44
DP00357,P62328,1-44
DP00357,P62328,1-44
DP00357,P62328,1-44
DP00357,P62328,1-44
DP00357,P62328,1-44
DP00358,Q15185,123-160
DP00358,Q15185,123-160
DP00358,Q15185,123-160
DP00359,A6Q0K5,1-50
DP00359,A6Q0K5,1-50
DP00359,A6Q0K5,51-60
DP00359,A6Q0K5,51-60
DP00359,A6Q0K5,62-78
DP00359,A6Q0K5,62-78
DP00363,Q16222,454-470
DP00363,Q16222,454-470
DP00363,Q16222,454-470
DP00364,Q15382,171-181
DP00364,Q15382,171-181
DP00364,Q15382,171-181
DP00372,Q9NR00,1-106
DP00372,Q9NR00,1-106
DP00377,P45577,130-173
DP00377,P45577,130-173
DP00377,P45577,130-173
DP00378,P08047,342-488
DP00378,P08047,342-488
DP00378,P08047,342-488
DP00378,P08047,342-488
DP00378,P08047,342-488
DP00378,P08047,153-215
DP00378,P08047,153-215
DP00378,P08047,153-215
DP00378,P08047,153-215
DP00378,P08047,349-495
DP00378,P08047,349-495
DP00378,P08047,349-495
DP00378,P08047,349-495
DP00379,P22868,163-172
DP00379,P22868,131-146
DP00380,P38582,59-69
DP00381,P35869,545-713
DP00381,P35869,545-713
DP00381,P35869,545-713
DP00381,P35869,545-713
DP00382,O28362,1-16
DP00382,O28362,1-16
DP00382,O28362,79-102
DP00382,O28362,79-102
DP00382,O28362,1-16
DP00382,O28362,1-16
DP00382,O28362,79-102
DP00382,O28362,79-102
DP00384,P63158,81-90
DP00384,P63158,81-90
DP00384,P63158,166-184
DP00384,P63158,166-184
DP00384,P63158,81-90
DP00384,P63158,81-90
DP00384,P63158,185-215
DP00384,P63158,185-215
DP00384,P63158,166-184
DP00384,P63158,166-184
DP00384,P63158,185-215
DP00384,P63158,185-215
DP00385,P49841,1-34
DP00385,P49841,387-420
DP00385,P49841,1-33
DP00385,P49841,388-419
DP00385,P49841,285-299
DP00385,P49841,285-299
DP00385,P49841,285-299
DP00385,P49841,285-299
DP00387,P25814,1-116
DP00387,P25814,1-116
DP00387,P25814,1-116
DP00387,P25814,1-116
DP00387,P25814,1-116
DP00387,P25814,1-116
DP00387,P25814,1-116
DP00387,P25814,1-116
DP00387,P25814,1-116
DP00387,P25814,1-116
DP00387,P25814,1-116
DP00387,P25814,1-116
DP00387,P25814,1-116
DP00387,P25814,1-116
DP00387,P25814,1-116
DP00387,P25814,1-116
DP00389,P09983,962-1023
DP00389,P09983,962-1023
DP00389,P09983,962-1023
DP00389,P09983,962-1023
DP00389,P09983,962-1023
DP00390,P17870,282-309
DP00390,P17870,282-309
DP00390,P17870,282-309
DP00390,P17870,282-309
DP00390,P17870,383-393
DP00390,P17870,383-393
DP00390,P17870,383-393
DP00390,P17870,383-393
DP00392,Q09161,1-26
DP00392,Q09161,1-26
DP00392,Q09161,671-684
DP00392,Q09161,527-537
DP00393,P52298,1-21
DP00393,P52298,121-156
DP00393,P52298,22-37
DP00393,P52298,22-37
DP00395,P40136,580-590
DP00395,P40136,580-590
DP00395,P40136,580-590
DP00395,P40136,580-590
DP00396,O74718,196-214
DP00396,O74718,280-307
DP00396,O74718,325-335
DP00396,O74718,301-305
DP00397,Q9ES89,275-285
DP00397,Q9ES89,275-285
DP00397,Q9ES89,275-285
DP00397,Q9ES89,275-285
DP00398,P07342,580-595
DP00398,P07342,647-687
DP00398,P07342,647-687
DP00399,P50097,102-221
DP00399,P50097,314-327
DP00399,P50097,413-431
DP00399,P50097,484-503
DP00404,O00204,13-26
DP00404,O00204,13-26
DP00404,O00204,13-26
DP00404,O00204,13-26
DP00407,P07363,124-158
DP00407,P07363,124-158
DP00407,P07363,228-257
DP00407,P07363,228-257
DP00410,P12497,354-363
DP00410,P12497,351-377
DP00410,P12497,108-143
DP00410,P12497,108-143
DP00410,P12497,123-143
DP00410,P12497,123-143
DP00410,P12497,217-231
DP00410,P12497,133-143
DP00410,P12497,352-377
DP00410,P12497,1288-1300
DP00410,P12497,1193-1202
DP00410,P12497,1286-1295
DP00410,P12497,8-31
DP00410,P12497,44-114
DP00410,P12497,44-132
DP00410,P12497,115-132
DP00410,P12497,8-43
DP00410,P12497,8-43
DP00410,P12497,8-43
DP00410,P12497,8-43
DP00410,P12497,8-43
DP00410,P12497,8-43
DP00410,P12497,8-43
DP00412,P0A6G1,17-31
DP00412,P0A6G1,17-31
DP00412,P0A6G1,17-31
DP00412,P0A6G1,17-31
DP00414,P0ABS1,17-33
DP00415,P0ABE0,49-76
DP00415,P0ABE0,49-76
DP00418,P78504,1094-1218
DP00418,P78504,1094-1218
DP00418,P78504,1094-1218
DP00418,P78504,1094-1218
DP00418,P78504,1094-1218
DP00418,P78504,1094-1218
DP00418,P78504,1094-1218
DP00418,P78504,1094-1218
DP00418,P78504,1094-1218
DP00418,P78504,1094-1218
DP00418,P78504,1094-1218
DP00418,P78504,1094-1218
DP00418,P78504,1094-1218
DP00418,P78504,1094-1218
DP00418,P78504,1094-1218
DP00418,P78504,1094-1218
DP00420,Q96T21,1-600
DP00420,Q96T21,1-600
DP00420,Q96T21,1-600
DP00420,Q96T21,776-854
DP00420,Q96T21,776-854
DP00420,Q96T21,776-854
DP00421,P07516,1-202
DP00421,P07516,1-202
DP00421,P07516,1-202
DP00421,P07516,1-202
DP00421,P07516,1-202
DP00421,P07516,1-202
DP00421,P07516,1-202
DP00421,P07516,1-202
DP00421,P07516,1-202
DP00422,P0A6R3,1-23
DP00423,P53551,171-258
DP00423,P53551,171-258
DP00423,P53551,171-258
DP00423,P53551,171-258
DP00423,P53551,171-258
DP00423,P53551,171-258
DP00423,P53551,166-252
DP00423,P53551,166-252
DP00423,P53551,166-252
DP00423,P53551,166-252
DP00423,P53551,171-258
DP00423,P53551,171-258
DP00423,P53551,171-258
DP00423,P53551,171-258
DP00423,P53551,171-258
DP00423,P53551,171-258
DP00423,P53551,171-258
DP00423,P53551,171-258
DP00424,P04325,34-50
DP00424,P04325,34-50
DP00424,P04325,34-50
DP00424,P04325,34-50
DP00424,P04325,34-50
DP00424,P04325,34-50
DP00424,P04325,34-50
DP00424,P04325,35-46
DP00424,P04325,35-46
DP00424,P04325,35-50
DP00427,P0AFG8,401-413
DP00427,P0AFG8,1-55
DP00427,P0AFG8,1-55
DP00427,P0AFG8,541-557
DP00427,P0AFG8,541-557
DP00427,P0AFG8,541-557
DP00427,P0AFG8,541-557
DP00427,P0AFG8,401-413
DP00427,P0AFG8,401-413
DP00427,P0AFG8,401-413
DP00427,P0AFG8,401-413
DP00427,P0AFG8,401-413
DP00427,P0AFG8,401-413
DP00427,P0AFG8,401-413
DP00427,P0AFG8,401-413
DP00427,P0AFG8,541-557
DP00427,P0AFG8,541-557
DP00427,P0AFG8,541-557
DP00428,P53350,495-506
DP00428,P53350,489-506
DP00428,P53350,489-506
DP00428,P53350,495-506
DP00428,P53350,489-506
DP00429,P32170,50-64
DP00429,P32170,50-64
DP00429,P32170,50-64
DP00432,P11632,1-25
DP00432,P11632,1-25
DP00434,Q9SQZ9,2-12
DP00434,Q9SQZ9,95-104
DP00435,Q01853,1-16
DP00435,Q01853,1-16
DP00435,Q01853,736-806
DP00435,Q01853,703-726
DP00435,Q01853,708-727
DP00435,Q01853,708-727
DP00435,Q01853,1-20
DP00435,Q01853,1-20
DP00435,Q01853,583-596
DP00435,Q01853,583-596
DP00435,Q01853,665-685
DP00435,Q01853,705-806
DP00436,P50477,1-45
DP00436,P50477,228-244
DP00436,P50477,228-244
DP00436,P50477,427-445
DP00437,P43351,1-23
DP00438,Q05158,68-115
DP00438,Q05158,68-115
DP00438,Q05158,82-117
DP00438,Q05158,82-117
DP00438,Q05158,175-194
DP00438,Q05158,175-194
DP00443,Q14191,1064-1092
DP00445,P02511,166-175
DP00445,P02511,166-175
DP00446,O35718,128-163
DP00446,O35718,129-163
DP00446,O35718,129-163
DP00446,O35718,186-225
DP00446,O35718,186-197
DP00446,O35718,186-197
DP00446,O35718,186-197
DP00446,O35718,15-28
DP00447,P12579,164-241
DP00447,P12579,1-103
DP00448,Q9Y613,1104-1164
DP00448,Q9Y613,1104-1164
DP00448,Q9Y613,1104-1164
DP00448,Q9Y613,1104-1164
DP00448,Q9Y613,1104-1164
DP00448,Q9Y613,1104-1164
DP00449,P53563,31-80
DP00450,P80457,166-191
DP00450,P80457,166-191
DP00455,P84092,130-158
DP00455,P84092,130-158
DP00455,P84092,130-158
DP00455,P84092,223-239
DP00455,P84092,135-158
DP00455,P84092,135-158
DP00457,Q9Y3D6,121-145
DP00457,Q9Y3D6,121-145
DP00457,Q9Y3D6,121-145
DP00458,P37727,108-208
DP00458,P37727,615-650
DP00461,P08083,67-90
DP00461,P08083,1-90
DP00461,P08083,2-90
DP00461,P08083,2-90
DP00461,P08083,1-90
DP00461,P08083,1-90
DP00461,P08083,1-90
DP00461,P08083,1-90
DP00461,P08083,40-76
DP00461,P08083,1-90
DP00461,P08083,1-90
DP00461,P08083,1-90
DP00461,P08083,1-90
DP00461,P08083,1-90
DP00461,P08083,1-90
DP00461,P08083,1-90
DP00461,P08083,1-90
DP00461,P08083,1-90
DP00461,P08083,40-76
DP00461,P08083,40-76
DP00461,P08083,40-76
DP00461,P08083,40-76
DP00461,P08083,1-90
DP00462,P11157,353-390
DP00462,P11157,353-390
DP00462,P11157,353-390
DP00462,P11157,1-64
DP00463,Q9Z0U4,17-98
DP00463,Q9Z0U4,17-98
DP00463,Q9Z0U4,17-98
DP00463,Q9Z0U4,17-98
DP00463,Q9Z0U4,17-98
DP00464,Q13485,273-284
DP00464,Q13485,273-284
DP00464,Q13485,297-306
DP00464,Q13485,297-306
DP00466,P04156,23-124
DP00466,P04156,23-124
DP00466,P04156,23-124
DP00466,P04156,23-124
DP00466,P04156,23-124
DP00466,P04156,23-124
DP00466,P04156,23-124
DP00466,P04156,23-124
DP00466,P04156,23-124
DP00468,P25963,1-66
DP00468,P25963,276-317
DP00469,O24646,1-77
DP00472,P50542,1-324
DP00472,P50542,1-324
DP00472,P50542,1-324
DP00472,P50542,1-324
DP00472,P50542,1-110
DP00472,P50542,57-71
DP00472,P50542,59-70
DP00472,P50542,61-67
DP00472,P50542,1-110
DP00472,P50542,62-66
DP00472,P50542,62-66
DP00472,P50542,62-66
DP00472,P50542,1-100
DP00472,P50542,1-197
DP00472,P50542,1-268
DP00473,Q49AN0,490-593
DP00473,Q49AN0,490-593
DP00473,Q49AN0,490-593
DP00473,Q49AN0,490-593
DP00473,Q49AN0,490-593
DP00473,Q49AN0,490-593
DP00473,Q49AN0,490-593
DP00473,Q49AN0,490-593
DP00473,Q49AN0,490-593
DP00474,Q43125,506-681
DP00474,Q43125,506-681
DP00474,Q43125,506-681
DP00474,Q43125,506-681
DP00474,Q43125,506-681
DP00474,Q43125,506-681
DP00474,Q43125,1-12
DP00474,Q43125,498-509
DP00475,Q6Q547,49-58
DP00475,Q6Q547,17-38
DP00475,Q6Q547,42-58
DP00482,Q08826,1-29
DP00485,Q9UBE0,178-203
DP00485,Q9UBE0,1-24
DP00485,Q9UBE0,9-24
DP00485,Q9UBE0,9-24
DP00485,Q9UBE0,181-204
DP00485,Q9UBE0,184-203
DP00485,Q9UBE0,270-294
DP00485,Q9UBE0,222-235
DP00485,Q9UBE0,176-208
DP00486,Q9UBT2,291-304
DP00486,Q9UBT2,551-640
DP00486,Q9UBT2,219-237
DP00486,Q9UBT2,198-239
DP00486,Q9UBT2,218-234
DP00486,Q9UBT2,549-607
DP00486,Q9UBT2,198-217
DP00486,Q9UBT2,198-217
DP00486,Q9UBT2,607-640
DP00486,Q9UBT2,608-640
DP00486,Q9UBT2,608-640
DP00487,P09938,1-41
DP00487,P09938,1-41
DP00487,P09938,1-41
DP00487,P09938,1-41
DP00487,P09938,360-399
DP00488,P49723,296-345
DP00488,P49723,1-10
DP00488,P49723,264-274
DP00489,P21793,31-51
DP00489,P21793,1-14
DP00490,O88900,361-435
DP00490,O88900,361-435
DP00491,Q62165,652-748
DP00491,Q62165,652-748
DP00491,Q62165,652-748
DP00491,Q62165,689-717
DP00492,P10275,142-485
DP00492,P10275,142-485
DP00492,P10275,142-485
DP00492,P10275,142-485
DP00492,P10275,142-485
DP00492,P10275,142-485
DP00492,P10275,142-485
DP00492,P10275,142-485
DP00492,P10275,142-485
DP00492,P10275,142-485
DP00492,P10275,142-485
DP00492,P10275,142-485
DP00492,P10275,142-485
DP00492,P10275,142-485
DP00492,P10275,142-485
DP00492,P10275,142-448
DP00492,P10275,330-448
DP00492,P10275,330-448
DP00492,P10275,142-485
DP00492,P10275,144-450
DP00492,P10275,144-450
DP00492,P10275,144-450
DP00492,P10275,144-450
DP00492,P10275,1-537
DP00492,P10275,1-537
DP00492,P10275,1-537
DP00492,P10275,1-537
DP00499,Q9Z2F5,306-430
DP00499,Q9Z2F5,306-430
DP00499,Q9Z2F5,306-430
DP00505,P04234,127-171
DP00505,P04234,127-171
DP00505,P04234,130-171
DP00505,P04234,1-21
DP00506,P07766,1-11
DP00506,P07766,153-207
DP00506,P07766,153-207
DP00506,P07766,1-32
DP00506,P07766,157-207
DP00508,P09693,139-182
DP00508,P09693,139-182
DP00508,P09693,1-23
DP00508,P09693,139-182
DP00509,P30273,40-60
DP00509,P30273,40-60
DP00509,P30273,40-60
DP00510,O60356,1-82
DP00510,O60356,1-82
DP00510,O60356,1-82
DP00510,O60356,1-82
DP00510,O60356,1-82
DP00510,O60356,1-82
DP00510,O60356,1-82
DP00510,O60356,1-82
DP00510,O60356,1-82
DP00510,O60356,1-82
DP00510,O60356,1-82
DP00512,P56210,77-87
DP00512,P56210,77-87
DP00512,P56210,76-91
DP00512,P56210,76-91
DP00512,P56210,77-87
DP00512,P56210,76-91
DP00513,Q97ZL0,1-11
DP00513,Q97ZL0,1-11
DP00513,Q97ZL0,1-11
DP00513,Q97ZL0,1-11
DP00513,Q97ZL0,1-11
DP00516,P60472,72-83
DP00516,P60472,72-83
DP00516,P60472,72-83
DP00516,P60472,239-253
DP00516,P60472,239-253
DP00516,P60472,239-253
DP00517,P52179,836-931
DP00517,P52179,836-931
DP00517,P52179,836-931
DP00517,P52179,836-931
DP00517,P52179,836-931
DP00517,P52179,836-931
DP00519,P25054,1362-1745
DP00519,P25054,1362-1745
DP00519,P25054,2781-2819
DP00519,P25054,2803-2809
DP00519,P25054,2789-2799
DP00519,P25054,2781-2819
DP00519,P25054,2784-2813
DP00519,P25054,1459-1532
DP00519,P25054,1614-1679
DP00519,P25054,1202-1551
DP00519,P25054,1202-1551
DP00519,P25054,1202-1551
DP00519,P25054,1202-1551
DP00519,P25054,1202-1551
DP00519,P25054,1484-1528
DP00519,P25054,1485-1498
DP00519,P25054,1484-1528
DP00519,P25054,1485-1499
DP00519,P25054,1504-1528
DP00519,P25054,1504-1528
DP00519,P25054,1504-1510
DP00519,P25054,1501-1510
DP00520,Q969F2,1-217
DP00520,Q969F2,1-217
DP00520,Q969F2,1-217
DP00520,Q969F2,1-217
DP00520,Q969F2,1-217
DP00520,Q969F2,1-217
DP00520,Q969F2,1-217
DP00520,Q969F2,1-217
DP00521,O95997,1-202
DP00521,O95997,1-202
DP00521,O95997,1-202
DP00521,O95997,1-202
DP00521,O95997,1-202
DP00521,O95997,1-202
DP00521,O95997,1-202
DP00521,O95997,1-202
DP00521,O95997,1-202
DP00521,O95997,1-202
DP00521,O95997,1-202
DP00521,O95997,1-202
DP00521,O95997,1-202
DP00521,O95997,1-202
DP00521,O95997,1-202
DP00527,P02783,1-70
DP00527,P02783,1-70
DP00527,P02783,1-70
DP00527,P02783,1-70
DP00527,P02783,1-70
DP00527,P02783,1-70
DP00530,P12950,1-168
DP00530,P12950,1-168
DP00530,P12950,1-168
DP00531,Q08655,1-115
DP00531,Q08655,1-115
DP00531,Q08655,1-115
DP00531,Q08655,1-115
DP00531,Q08655,1-115
DP00531,Q08655,1-115
DP00531,Q08655,1-115
DP00531,Q08655,1-115
DP00531,Q08655,1-115
DP00531,Q08655,1-115
DP00531,Q08655,1-115
DP00531,Q08655,1-115
DP00531,Q08655,1-115
DP00531,Q08655,1-115
DP00531,Q08655,1-115
DP00531,Q08655,1-115
DP00531,Q08655,1-115
DP00531,Q08655,1-115
DP00531,Q08655,1-115
DP00531,Q08655,1-115
DP00531,Q08655,61-115
DP00531,Q08655,61-115
DP00533,P06701,216-549
DP00533,P06701,216-549
DP00533,P06701,216-549
DP00533,P06701,216-549
DP00533,P06701,216-549
DP00534,Q9LZP9,54-131
DP00534,Q9LZP9,54-131
DP00534,Q9LZP9,54-131
DP00534,Q9LZP9,1-131
DP00534,Q9LZP9,1-131
DP00534,Q9LZP9,1-131
DP00534,Q9LZP9,1-131
DP00534,Q9LZP9,1-131
DP00534,Q9LZP9,1-131
DP00534,Q9LZP9,1-131
DP00537,O43236,1-119
DP00537,O43236,1-119
DP00537,O43236,1-119
DP00539,P51608,1-75
DP00539,P51608,207-310
DP00539,P51608,207-310
DP00539,P51608,165-210
DP00539,P51608,165-210
DP00539,P51608,335-486
DP00539,P51608,261-330
DP00539,P51608,165-210
DP00539,P51608,207-310
DP00539,P51608,335-355
DP00539,P51608,165-210
DP00539,P51608,293-310
DP00539,P51608,168-486
DP00539,P51608,285-313
DP00539,P51608,285-313
DP00539,P51608,285-309
DP00539,P51608,285-309
DP00539,P51608,207-310
DP00540,Q9VPU8,1-345
DP00540,Q9VPU8,1-345
DP00540,Q9VPU8,1-345
DP00540,Q9VPU8,1-345
DP00540,Q9VPU8,1-345
DP00541,Q91V27,147-403
DP00541,Q91V27,147-403
DP00541,Q91V27,147-403
DP00541,Q91V27,147-403
DP00541,Q91V27,147-403
DP00541,Q91V27,147-403
DP00541,Q91V27,147-403
DP00541,Q91V27,147-403
DP00541,Q91V27,147-403
DP00541,Q91V27,147-403
DP00541,Q91V27,147-403
DP00541,Q91V27,147-403
DP00541,Q91V27,147-403
DP00541,Q91V27,147-403
DP00541,Q91V27,147-403
DP00543,Q14061,1-29
DP00543,Q14061,1-29
DP00543,Q14061,1-29
DP00543,Q14061,1-17
DP00543,Q14061,1-17
DP00543,Q14061,1-17
DP00543,Q14061,1-63
DP00543,Q14061,25-60
DP00543,Q14061,25-60
DP00543,Q14061,1-63
DP00543,Q14061,25-60
DP00543,Q14061,25-60
DP00543,Q14061,1-63
DP00543,Q14061,25-63
DP00543,Q14061,25-63
DP00543,Q14061,1-63
DP00544,B0FRH7,1-120
DP00544,B0FRH7,1-120
DP00544,B0FRH7,1-120
DP00544,B0FRH7,1-120
DP00544,B0FRH7,1-120
DP00544,B0FRH7,1-120
DP00546,Q9NX55,1-129
DP00546,Q9NX55,1-129
DP00546,Q9NX55,1-129
DP00546,Q9NX55,1-129
DP00546,Q9NX55,1-129
DP00546,Q9NX55,1-129
DP00546,Q9NX55,1-129
DP00546,Q9NX55,1-129
DP00546,Q9NX55,1-129
DP00546,Q9NX55,1-129
DP00549,O00488,1-35
DP00549,O00488,36-77
DP00549,O00488,78-116
DP00550,P02628,1-108
DP00550,P02628,1-108
DP00550,P02628,1-108
DP00550,P02628,1-108
DP00550,P02628,1-108
DP00550,P02628,1-108
DP00551,P16860,1-77
DP00551,P16860,1-77
DP00551,P16860,1-77
DP00552,P0AFX7,121-216
DP00552,P0AFX7,121-216
DP00552,P0AFX7,121-216
DP00552,P0AFX7,121-216
DP00552,P0AFX7,121-216
DP00552,P0AFX7,121-216
DP00552,P0AFX7,121-216
DP00552,P0AFX7,121-216
DP00553,Q9NZ94,731-848
DP00553,Q9NZ94,731-848
DP00553,Q9NZ94,731-848
DP00553,Q9NZ94,731-848
DP00553,Q9NZ94,731-848
DP00553,Q9NZ94,731-848
DP00553,Q9NZ94,731-848
DP00553,Q9NZ94,731-848
DP00553,Q9NZ94,731-848
DP00553,Q9NZ94,731-848
DP00554,Q9C000,31-50
DP00554,Q9C000,31-50
DP00555,Q16143,1-134
DP00555,Q16143,1-134
DP00557,Q00955,2048-2080
DP00558,P49354,368-379
DP00558,P49354,1-54
DP00558,P49354,1-54
DP00558,P49354,1-54
DP00559,O66493,87-117
DP00559,O66493,326-350
DP00561,P28583,329-342
DP00562,Q9Y296,11-25
DP00563,Q61337,1-204
DP00563,Q61337,1-204
DP00563,Q61337,1-204
DP00563,Q61337,1-204
DP00563,Q61337,1-204
DP00563,Q61337,1-204
DP00563,Q61337,1-204
DP00563,Q61337,1-204
DP00563,Q61337,1-204
DP00564,Q6P8Z1,2-169
DP00564,Q6P8Z1,2-169
DP00564,Q6P8Z1,2-169
DP00564,Q6P8Z1,2-169
DP00564,Q6P8Z1,2-169
DP00564,Q6P8Z1,2-169
DP00565,P63098,1-14
DP00565,P63098,158-169
DP00567,Q07932,57-76
DP00567,Q07932,57-76
DP00570,P09132,1-144
DP00570,P09132,1-144
DP00573,P03305,202-215
DP00573,P03305,241-265
DP00575,P77072,1-20
DP00575,P77072,146-161
DP00575,P77072,146-161
DP00576,P54252,174-361
DP00576,P54252,174-361
DP00576,P54252,182-291
DP00576,P54252,182-291
DP00576,P54252,194-361
DP00576,P54252,194-361
DP00576,P54252,224-348
DP00576,P54252,262-361
DP00578,P0AG16,484-505
DP00580,O24172,34-50
DP00581,P11233,187-203
DP00581,P11233,194-203
DP00581,P11233,194-203
DP00581,P11233,194-203
DP00581,P11233,194-203
DP00581,P11233,1-10
DP00583,P16006,63-82
DP00584,A2VD23,1-613
DP00584,A2VD23,1-613
DP00584,A2VD23,1-613
DP00584,A2VD23,1-613
DP00584,A2VD23,1-613
DP00584,A2VD23,1-613
DP00584,A2VD23,1-613
DP00584,A2VD23,1-613
DP00584,A2VD23,1-613
DP00584,A2VD23,1-613
DP00587,Q9CQK7,1-243
DP00587,Q9CQK7,1-243
DP00588,P27958,1-82
DP00588,P27958,1-82
DP00588,P27958,1-82
DP00588,P27958,1-82
DP00588,P27958,1-82
DP00588,P27958,1-82
DP00588,P27958,1-82
DP00588,P27958,1-82
DP00588,P27958,1-82
DP00588,P27958,1-79
DP00588,P27958,2212-2307
DP00588,P27958,2212-2307
DP00588,P27958,2242-2307
DP00591,J7QLC0,1006-1706
DP00591,J7QLC0,1006-1706
DP00591,J7QLC0,1006-1706
DP00591,J7QLC0,1006-1706
DP00591,J7QLC0,1006-1706
DP00591,J7QLC0,1006-1706
DP00591,J7QLC0,1006-1706
DP00591,J7QLC0,1006-1706
DP00591,J7QLC0,1006-1706
DP00591,J7QLC0,1006-1706
DP00591,J7QLC0,1006-1706
DP00591,J7QLC0,1006-1706
DP00591,J7QLC0,1006-1706
DP00591,J7QLC0,1006-1706
DP00591,J7QLC0,1006-1706
DP00591,J7QLC0,1006-1706
DP00591,J7QLC0,1006-1706
DP00591,J7QLC0,1006-1706
DP00591,J7QLC0,1006-1706
DP00591,J7QLC0,1006-1706
DP00592,P48539,1-62
DP00592,P48539,1-62
DP00592,P48539,1-62
DP00592,P48539,1-62
DP00594,P49869,523-753
DP00600,P60723,45-103
DP00600,P60723,45-103
DP00600,P60723,45-103
DP00600,P60723,41-96
DP00600,P60723,41-96
DP00600,P60723,41-96
DP00605,Q24246,109-135
DP00605,Q24246,109-135
DP00605,Q24246,109-135
DP00605,Q24246,109-135
DP00605,Q24246,109-135
DP00605,Q24246,109-135
DP00605,Q24246,109-135
DP00605,Q24246,109-135
DP00605,Q24246,1-289
DP00605,Q24246,1-30
DP00605,Q24246,114-260
DP00606,P42759,1-260
DP00606,P42759,1-260
DP00606,P42759,1-260
DP00606,P42759,1-260
DP00606,P42759,1-260
DP00606,P42759,1-260
DP00606,P42759,1-260
DP00606,P42759,1-260
DP00606,P42759,1-260
DP00606,P42759,1-260
DP00607,Q16595,81-92
DP00607,Q16595,61-74
DP00608,Q13573,59-129
DP00608,Q13573,59-129
DP00608,Q13573,59-129
DP00608,Q13573,59-129
DP00608,Q13573,59-129
DP00608,Q13573,59-129
DP00608,Q13573,59-129
DP00608,Q13573,59-129
DP00608,Q13573,59-129
DP00608,Q13573,59-129
DP00608,Q13573,59-129
DP00608,Q13573,59-129
DP00608,Q13573,59-129
DP00608,Q13573,59-129
DP00608,Q13573,59-129
DP00608,Q13573,59-129
DP00609,O81283,1-727
DP00609,O81283,1-727
DP00609,O81283,1-727
DP00609,O81283,1-727
DP00609,O81283,639-839
DP00609,O81283,639-839
DP00609,O81283,639-839
DP00609,O81283,639-839
DP00609,O81283,408-627
DP00609,O81283,408-627
DP00609,O81283,408-627
DP00609,O81283,408-627
DP00609,O81283,163-374
DP00609,O81283,163-374
DP00609,O81283,163-374
DP00609,O81283,163-374
DP00610,Q9SLF3,1-455
DP00610,Q9SLF3,1-455
DP00610,Q9SLF3,1-455
DP00610,Q9SLF3,1-455
DP00611,P30291,436-455
DP00611,P30291,436-455
DP00613,Q22472,1-378
DP00613,Q22472,1-378
DP00613,Q22472,1-378
DP00613,Q22472,1-378
DP00614,Q07412,165-178
DP00614,Q07412,165-178
DP00614,Q07412,165-178
DP00614,Q07412,66-80
DP00614,Q07412,66-80
DP00614,Q07412,66-80
DP00614,Q07412,66-80
DP00614,Q07412,66-80
DP00614,Q07412,66-80
DP00614,Q07412,66-80
DP00615,Q9WMX2,2220-2313
DP00615,Q9WMX2,2280-2299
DP00615,Q9WMX2,2280-2299
DP00615,Q9WMX2,2280-2299
DP00615,Q9WMX2,2212-2307
DP00615,Q9WMX2,2212-2307
DP00615,Q9WMX2,2212-2307
DP00615,Q9WMX2,2280-2299
DP00615,Q9WMX2,2331-2417
DP00615,Q9WMX2,2331-2417
DP00615,Q9WMX2,2331-2417
DP00615,Q9WMX2,2331-2417
DP00615,Q9WMX2,2331-2417
DP00615,Q9WMX2,2222-2314
DP00615,Q9WMX2,2222-2314
DP00615,Q9WMX2,2222-2314
DP00615,Q9WMX2,2289-2293
DP00616,P02788,38-59
DP00616,P02788,38-59
DP00616,P02788,38-59
DP00616,P02788,38-59
DP00616,P02788,38-59
DP00616,P02788,38-59
DP00617,P60896,26-36
DP00618,P53954,79-92
DP00618,P53954,79-92
DP00618,P53954,79-92
DP00618,P53954,79-92
DP00618,P53954,79-92
DP00618,P53954,79-92
DP00618,P53954,79-92
DP00618,P53954,79-92
DP00618,P53954,79-92
DP00618,P53954,79-92
DP00618,P53954,79-92
DP00618,P53954,79-92
DP00618,P53954,79-92
DP00618,P53954,79-92
DP00618,P53954,79-92
DP00618,P53954,79-92
DP00618,P53954,79-92
DP00618,P53954,79-92
DP00618,P53954,79-92
DP00618,P53954,79-92
DP00620,Q68FT9,374-392
DP00620,Q68FT9,374-392
DP00621,P00736,193-305
DP00621,P00736,193-305
DP00621,P00736,193-305
DP00621,P00736,193-305
DP00621,P00736,193-305
DP00621,P00736,193-305
DP00622,P63045,1-35
DP00622,P63045,1-35
DP00622,P63045,1-35
DP00622,P63045,36-54
DP00622,P63045,36-54
DP00622,P63045,36-54
DP00622,P63045,36-54
DP00622,P63045,55-76
DP00622,P63045,55-76
DP00622,P63045,55-76
DP00622,P63045,77-88
DP00622,P63045,77-88
DP00622,P63045,77-88
DP00622,P63045,77-88
DP00622,P63045,2-24
DP00623,P83949,1-174
DP00623,P83949,1-174
DP00623,P83949,235-286
DP00623,P83949,235-286
DP00623,P83949,174-216
DP00623,P83949,174-216
DP00624,P35638,116-168
DP00624,P35638,116-168
DP00624,P35638,116-168
DP00624,P35638,116-168
DP00624,P35638,116-168
DP00624,P35638,116-168
DP00625,P45976,80-195
DP00625,P45976,80-195
DP00625,P45976,80-195
DP00625,P45976,80-195
DP00625,P45976,80-195
DP00625,P45976,80-195
DP00625,P45976,80-195
DP00625,P45976,80-195
DP00625,P45976,80-195
DP00626,P0AG11,1-139
DP00626,P0AG11,1-139
DP00626,P0AG11,1-139
DP00626,P0AG11,1-139
DP00628,P15309,248-286
DP00628,P15309,248-286
DP00628,P15309,248-286
DP00629,Q07097,443-524
DP00629,Q07097,473-492
DP00629,Q07097,401-524
DP00629,Q07097,476-489
DP00629,Q07097,473-492
DP00629,Q07097,401-524
DP00630,O76070,1-127
DP00630,O76070,1-127
DP00630,O76070,1-127
DP00630,O76070,1-127
DP00630,O76070,1-127
DP00630,O76070,1-127
DP00631,P38634,1-90
DP00631,P38634,1-90
DP00631,P38634,1-90
DP00631,P38634,1-90
DP00631,P38634,1-90
DP00631,P38634,1-90
DP00631,P38634,1-90
DP00631,P38634,1-90
DP00631,P38634,1-90
DP00631,P38634,1-90
DP00631,P38634,1-90
DP00631,P38634,1-90
DP00631,P38634,1-90
DP00631,P38634,1-90
DP00631,P38634,1-90
DP00631,P38634,1-90
DP00631,P38634,1-284
DP00631,P38634,31-190
DP00631,P38634,3-7
DP00631,P38634,31-35
DP00631,P38634,43-47
DP00631,P38634,67-71
DP00631,P38634,74-78
DP00631,P38634,78-82
DP00631,P38634,1-90
DP00631,P38634,1-90
DP00631,P38634,1-90
DP00633,Q09472,401-566
DP00633,Q09472,1-1045
DP00633,Q09472,1665-2414
DP00633,Q09472,1520-1581
DP00633,Q09472,1520-1581
DP00633,Q09472,1520-1581
DP00636,P17120,1-71
DP00636,P17120,1-71
DP00636,P17120,1-71
DP00636,P17120,1-71
DP00636,P17120,1-71
DP00636,P17120,1-71
DP00636,P17120,1-71
DP00636,P17120,1-71
DP00636,P17120,1-71
DP00636,P17120,1-71
DP00640,Q89933,400-525
DP00640,Q89933,400-525
DP00640,Q89933,401-525
DP00640,Q89933,401-420
DP00640,Q89933,482-502
DP00640,Q89933,401-525
DP00640,Q89933,401-525
DP00640,Q89933,401-516
DP00640,Q89933,401-488
DP00640,Q89933,421-525
DP00640,Q89933,401-516
DP00640,Q89933,401-488
DP00640,Q89933,421-525
DP00640,Q89933,401-525
DP00640,Q89933,401-525
DP00640,Q89933,517-525
DP00640,Q89933,489-525
DP00640,Q89933,401-516
DP00640,Q89933,401-488
DP00640,Q89933,421-525
DP00640,Q89933,401-525
DP00640,Q89933,401-525
DP00640,Q89933,401-516
DP00640,Q89933,421-525
DP00640,Q89933,401-420
DP00640,Q89933,401-416
DP00640,Q89933,401-525
DP00640,Q89933,400-525
DP00640,Q89933,400-525
DP00640,Q89933,400-525
DP00640,Q89933,400-525
DP00640,Q89933,400-525
DP00640,Q89933,400-525
DP00640,Q89933,400-525
DP00640,Q89933,400-525
DP00640,Q89933,400-525
DP00640,Q89933,401-525
DP00640,Q89933,489-525
DP00640,Q89933,517-525
DP00640,Q89933,401-525
DP00640,Q89933,401-525
DP00640,Q89933,401-525
DP00640,Q89933,401-525
DP00640,Q89933,401-525
DP00640,Q89933,475-525
DP00640,Q89933,475-525
DP00640,Q89933,485-505
DP00640,Q89933,485-505
DP00640,Q89933,400-525
DP00640,Q89933,400-525
DP00640,Q89933,400-525
DP00641,P51671,1-31
DP00641,P51671,1-31
DP00641,P51671,1-31
DP00645,Q91ZE9,1-185
DP00645,Q91ZE9,1-185
DP00645,Q91ZE9,1-185
DP00645,Q91ZE9,1-185
DP00645,Q91ZE9,1-185
DP00645,Q91ZE9,1-185
DP00645,Q91ZE9,1-185
DP00645,Q91ZE9,1-185
DP00646,Q01231,251-355
DP00646,Q01231,251-355
DP00646,Q01231,251-355
DP00646,Q01231,251-355
DP00646,Q01231,251-355
DP00646,Q01231,251-355
DP00652,P00441,69-78
DP00652,P00441,127-142
DP00652,P00441,127-142
DP00652,P00441,69-78
DP00652,P00441,69-78
DP00652,P00441,127-142
DP00653,P26039,799-814
DP00653,P26039,799-814
DP00653,P26039,139-168
DP00653,P26039,139-168
DP00654,Q9ZPI5,71-82
DP00654,Q9ZPI5,576-596
DP00655,P59113,141-249
DP00655,P59113,1-11
DP00656,P07674,252-294
DP00656,P07674,252-294
DP00656,P07674,252-294
DP00656,P07674,252-294
DP00656,P07674,117-137
DP00656,P07674,117-137
DP00656,P07674,1-50
DP00656,P07674,31-137
DP00656,P07674,253-294
DP00656,P07674,253-294
DP00657,P31168,1-265
DP00658,P42758,1-193
DP00658,P42758,1-193
DP00659,P16458,233-385
DP00661,Q9CX60,1-105
DP00661,Q9CX60,1-105
DP00661,Q9CX60,1-105
DP00661,Q9CX60,1-105
DP00661,Q9CX60,1-105
DP00661,Q9CX60,1-105
DP00662,Q8LBP4,339-462
DP00662,Q8LBP4,339-462
DP00662,Q8LBP4,339-462
DP00662,Q8LBP4,339-462
DP00662,Q8LBP4,339-462
DP00662,Q8LBP4,339-462
DP00662,Q8LBP4,339-462
DP00662,Q8LBP4,339-462
DP00663,P81558,1-171
DP00663,P81558,1-171
DP00663,P81558,1-171
DP00663,P81558,1-171
DP00663,P81558,1-171
DP00663,P81558,1-171
DP00663,P81558,1-171
DP00663,P81558,1-171
DP00664,Q01417,1-173
DP00666,P32004,1144-1257
DP00666,P32004,1144-1257
DP00666,P32004,1144-1257
DP00666,P32004,1144-1257
DP00666,P32004,1144-1257
DP00667,P42763,1-185
DP00667,P42763,1-185
DP00667,P42763,1-185
DP00667,P42763,1-185
DP00667,P42763,1-185
DP00667,P42763,1-185
DP00667,P42763,1-185
DP00667,P42763,1-185
DP00667,P42763,1-185
DP00667,P42763,156-169
DP00667,P42763,74-85
DP00668,P19250,25-35
DP00668,P19250,25-35
DP00668,P19250,25-35
DP00668,P19250,25-35
DP00669,P81019,26-96
DP00669,P81019,26-96
DP00670,Q29983,175-184
DP00670,Q29983,175-184
DP00672,Q92886,90-150
DP00672,Q92886,90-150
DP00672,Q92886,90-150
DP00673,P06935,1-24
DP00673,P06935,80-105
DP00673,P06935,1-24
DP00673,P06935,80-105
DP00673,P06935,80-105
DP00673,P06935,80-105
DP00673,P06935,1672-1688
DP00674,Q69422,2-155
DP00674,Q69422,2-155
DP00674,Q69422,2-155
DP00674,Q69422,2-155
DP00674,Q69422,2-155
DP00675,P19711,169-270
DP00675,P19711,169-270
DP00675,P19711,169-270
DP00675,P19711,170-260
DP00675,P19711,170-260
DP00675,P19711,170-260
DP00675,P19711,170-260
DP00675,P19711,170-260
DP00675,P19711,169-270
DP00675,P19711,169-270
DP00675,P19711,169-270
DP00677,P12810,1-42
DP00677,P12810,1-42
DP00677,P12810,1-42
DP00677,P12810,1-42
DP00677,P12810,1-42
DP00677,P12810,1-42
DP00677,P12810,1-42
DP00677,P12810,1-42
DP00678,P11171,800-864
DP00678,P11171,800-864
DP00678,P11171,800-864
DP00678,P11171,800-864
DP00678,P11171,800-864
DP00678,P11171,800-864
DP00683,Q99801,1-113
DP00685,Q98157,21-34
DP00685,Q98157,21-32
DP00685,Q98157,21-34
DP00685,Q98157,21-34
DP00686,Q9IH62,579-590
DP00686,Q9IH62,236-245
DP00686,Q9IH62,579-590
DP00687,P08067,81-92
DP00689,P30185,1-186
DP00689,P30185,1-186
DP00689,P30185,1-186
DP00689,P30185,1-186
DP00693,P45561,2-173
DP00693,P45561,2-173
DP00693,P45561,2-173
DP00693,P45561,2-173
DP00693,P45561,12-28
DP00693,P45561,12-28
DP00694,Q8N488,1-228
DP00694,Q8N488,1-228
DP00694,Q8N488,1-228
DP00694,Q8N488,1-228
DP00694,Q8N488,1-228
DP00694,Q8N488,1-228
DP00694,Q8N488,1-228
DP00694,Q8N488,1-228
DP00694,Q8N488,145-179
DP00694,Q8N488,145-179
DP00694,Q8N488,145-179
DP00694,Q8N488,145-179
DP00696,Q9Y258,84-94
DP00697,Q9IK92,400-532
DP00697,Q9IK92,400-532
DP00697,Q9IK92,400-532
DP00697,Q9IK92,400-532
DP00697,Q9IK92,400-532
DP00697,Q9IK92,400-532
DP00697,Q9IK92,400-532
DP00697,Q9IK92,400-532
DP00697,Q9IK92,400-532
DP00697,Q9IK92,400-532
DP00697,Q9IK92,400-532
DP00697,Q9IK92,400-532
DP00697,Q9IK92,400-532
DP00697,Q9IK92,400-532
DP00697,Q9IK92,400-532
DP00697,Q9IK92,400-532
DP00697,Q9IK92,400-532
DP00697,Q9IK92,400-532
DP00697,Q9IK92,400-532
DP00697,Q9IK92,400-532
DP00697,Q9IK92,400-532
DP00697,Q9IK92,400-532
DP00697,Q9IK92,400-532
DP00697,Q9IK92,400-532
DP00698,O89339,400-532
DP00698,O89339,400-532
DP00698,O89339,400-532
DP00698,O89339,400-532
DP00698,O89339,400-532
DP00698,O89339,400-532
DP00698,O89339,400-532
DP00698,O89339,400-532
DP00698,O89339,400-532
DP00698,O89339,400-532
DP00698,O89339,400-532
DP00698,O89339,400-532
DP00698,O89339,400-532
DP00698,O89339,400-532
DP00698,O89339,400-532
DP00698,O89339,400-532
DP00698,O89339,400-532
DP00698,O89339,400-532
DP00698,O89339,400-532
DP00698,O89339,400-532
DP00699,Q9IK91,1-406
DP00699,Q9IK91,1-406
DP00699,Q9IK91,1-406
DP00699,Q9IK91,1-406
DP00699,Q9IK91,1-406
DP00699,Q9IK91,1-406
DP00699,Q9IK91,1-406
DP00699,Q9IK91,1-406
DP00699,Q9IK91,1-100
DP00699,Q9IK91,1-100
DP00699,Q9IK91,1-100
DP00699,Q9IK91,1-35
DP00699,Q9IK91,1-35
DP00699,Q9IK91,1-50
DP00699,Q9IK91,1-50
DP00699,Q9IK91,1-50
DP00699,Q9IK91,1-50
DP00699,Q9IK91,1-35
DP00699,Q9IK91,1-100
DP00700,O55778,1-404
DP00700,O55778,1-404
DP00700,O55778,1-404
DP00700,O55778,1-404
DP00700,O55778,1-404
DP00700,O55778,1-404
DP00700,O55778,200-310
DP00700,O55778,200-310
DP00700,O55778,200-310
DP00700,O55778,200-310
DP00700,O55778,200-310
DP00700,O55778,200-310
DP00700,O55778,300-406
DP00700,O55778,300-406
DP00700,O55778,300-406
DP00702,P46937,101-171
DP00702,P46937,50-171
DP00704,P24522,1-16
DP00704,P24522,1-16
DP00704,P24522,105-118
DP00704,P24522,105-118
DP00704,P24522,105-118
DP00704,P24522,105-118
DP00705,P22943,1-109
DP00705,P22943,1-109
DP00705,P22943,1-109
DP00705,P22943,1-109
DP00705,P22943,1-109
DP00705,P22943,1-109
DP00705,P22943,1-109
DP00706,Q15517,60-171
DP00706,Q15517,60-171
DP00706,Q15517,60-171
DP00707,Q9UER7,347-420
DP00707,Q9UER7,495-740
DP00707,Q9UER7,495-740
DP00707,Q9UER7,495-740
DP00707,Q9UER7,566-739
DP00707,Q9UER7,161-243
DP00707,Q9UER7,435-486
DP00707,Q9UER7,1-50
DP00708,O35613,566-739
DP00708,O35613,441-499
DP00709,Q9Y3M2,1-63
DP00709,Q9Y3M2,1-63
DP00709,Q9Y3M2,1-63
DP00709,Q9Y3M2,1-63
DP00709,Q9Y3M2,102-126
DP00709,Q9Y3M2,102-126
DP00709,Q9Y3M2,102-126
DP00709,Q9Y3M2,1-63
DP00709,Q9Y3M2,1-66
DP00712,Q9UGL1,115-129
DP00712,Q9UGL1,115-129
DP00712,Q9UGL1,188-199
DP00712,Q9UGL1,119-128
DP00712,Q9UGL1,1-27
DP00712,Q9UGL1,198-311
DP00712,Q9UGL1,339-375
DP00712,Q9UGL1,430-453
DP00712,Q9UGL1,441-453
DP00712,Q9UGL1,469-481
DP00712,Q9UGL1,543-554
DP00712,Q9UGL1,1078-1125
DP00712,Q9UGL1,1271-1344
DP00712,Q9UGL1,1376-1450
DP00716,P02545,567-664
DP00717,P35521,75-85
DP00717,P35521,75-85
DP00717,P35521,75-85
DP00717,P35521,75-85
DP00717,P35521,93-115
DP00717,P35521,93-115
DP00717,P35521,93-115
DP00717,P35521,93-115
DP00718,P37231,9-111
DP00718,P37231,9-111
DP00718,P37231,9-111
DP00718,P37231,9-111
DP00718,P37231,9-111
DP00718,P37231,9-111
DP00718,P37231,9-111
DP00718,P37231,9-111
DP00718,P37231,9-111
DP00718,P37231,9-111
DP00718,P37231,9-111
DP00718,P37231,9-111
DP00718,P37231,112-174
DP00718,P37231,112-174
DP00718,P37231,112-174
DP00718,P37231,112-174
DP00718,P37231,112-174
DP00718,P37231,112-174
DP00718,P37231,112-174
DP00718,P37231,112-174
DP00718,P37231,175-211
DP00718,P37231,175-211
DP00718,P37231,175-211
DP00718,P37231,175-211
DP00718,P37231,175-211
DP00718,P37231,175-211
DP00718,P37231,238-278
DP00718,P37231,238-278
DP00718,P37231,238-278
DP00718,P37231,238-278
DP00718,P37231,238-278
DP00718,P37231,238-278
DP00718,P37231,279-298
DP00718,P37231,279-298
DP00718,P37231,279-298
DP00718,P37231,279-298
DP00718,P37231,279-298
DP00718,P37231,279-298
DP00718,P37231,443-452
DP00718,P37231,443-452
DP00718,P37231,443-452
DP00718,P37231,443-452
DP00718,P37231,443-452
DP00718,P37231,443-452
DP00718,P37231,443-452
DP00718,P37231,443-452
DP00718,P37231,453-477
DP00718,P37231,453-477
DP00718,P37231,453-477
DP00718,P37231,453-477
DP00718,P37231,453-477
DP00718,P37231,453-477
DP00719,Q13569,1-50
DP00719,Q13569,1-50
DP00719,Q13569,51-111
DP00719,Q13569,51-111
DP00719,Q13569,51-111
DP00719,Q13569,51-111
DP00719,Q13569,340-410
DP00719,Q13569,340-410
DP00720,Q05344,437-518
DP00720,Q05344,519-554
DP00720,Q05344,519-554
DP00720,Q05344,519-554
DP00720,Q05344,519-554
DP00720,Q05344,437-518
DP00720,Q05344,625-723
DP00721,Q8IRG6,889-1044
DP00722,P0AGE2,113-177
DP00723,Q9MAA7,50-62
DP00723,Q9MAA7,50-62
DP00724,Q9LQT8,11-113
DP00724,Q9LQT8,11-113
DP00724,Q9LQT8,11-113
DP00724,Q9LQT8,11-113
DP00724,Q9LQT8,11-113
DP00724,Q9LQT8,11-113
DP00724,Q9LQT8,11-113
DP00724,Q9LQT8,11-113
DP00725,P41851,44-85
DP00726,Q5UPJ7,150-166
DP00726,Q5UPJ7,150-166
DP00726,Q5UPJ7,150-166
DP00728,P00760,18-27
DP00728,P00760,18-27
DP00728,P00760,145-155
DP00728,P00760,145-155
DP00728,P00760,187-198
DP00728,P00760,187-198
DP00728,P00760,4-47
DP00728,P00760,4-47
DP00728,P00760,4-47
DP00728,P00760,115-125
DP00728,P00760,115-125
DP00728,P00760,115-125
DP00728,P00760,68-89
DP00728,P00760,68-89
DP00728,P00760,68-89
DP00728,P00760,142-159
DP00728,P00760,142-159
DP00728,P00760,142-159
DP00729,P00974,14-38
DP00729,P00974,14-38
DP00729,P00974,14-38
DP00730,P02631,51-62
DP00730,P02631,51-62
DP00730,P02631,51-62
DP00732,Q00496,235-245
DP00732,Q00496,413-422
DP00734,O08785,89-107
DP00734,O08785,89-107
DP00734,O08785,223-248
DP00734,O08785,223-248
DP00734,O08785,258-269
DP00734,O08785,258-269
DP00736,Q9UKV8,1-22
DP00736,Q9UKV8,1-22
DP00736,Q9UKV8,818-838
DP00736,Q9UKV8,820-837
DP00736,Q9UKV8,1-22
DP00736,Q9UKV8,1-21
DP00736,Q9UKV8,822-835
DP00741,P03040,56-66
DP00742,Q99LM3,1-341
DP00742,Q99LM3,1-341
DP00742,Q99LM3,1-341
DP00742,Q99LM3,1-341
DP00747,P01160,56-123
DP00747,P01160,56-123
DP00747,P01160,56-123
DP00747,P01160,56-123
DP00748,P46108,192-223
DP00748,P46108,192-223
DP00748,P46108,238-293
DP00748,P46108,219-223
DP00749,Q9TY14,413-445
DP00750,Q38151,68-126
DP00750,Q38151,68-126
DP00750,Q38151,68-126
DP00750,Q38151,68-126
DP00750,Q38151,79-126
DP00750,Q38151,79-126
DP00750,Q38151,69-126
DP00750,Q38151,69-126
DP00750,Q38151,113-126
DP00750,Q38151,113-126
DP00752,E6PBU9,1-71
DP00752,E6PBU9,1-71
DP00752,E6PBU9,1-71
DP00753,C4M0U8,1-81
DP00753,C4M0U8,1-81
DP00753,C4M0U8,1-81
DP00753,C4M0U8,82-150
DP00754,Q70Q12,62-94
DP00754,Q70Q12,62-94
DP00756,Q04884,16-55
DP00756,Q04884,72-116
DP00756,Q04884,142-190
DP00756,Q04884,216-231
DP00756,Q04884,16-55
DP00756,Q04884,72-116
DP00756,Q04884,142-190
DP00756,Q04884,216-231
DP00757,Q9BSY4,94-109
DP00759,P80220,48-77
DP00761,E6PBU3,116-143
DP00761,E6PBU3,1-22
DP00764,O89467,50-78
DP00764,O89467,6-25
DP00764,O89467,45-61
DP00765,O00585,94-134
DP00766,P0A9K9,153-196
DP00767,P27782,361-370
DP00767,P27782,361-370
DP00767,P27782,361-370
DP00767,P27782,361-370
DP00767,P27782,302-319
DP00767,P27782,302-319
DP00767,P27782,302-319
DP00767,P27782,302-319
DP00768,Q28181-4,14-99
DP00768,Q28181-4,14-99
DP00768,Q28181-4,14-99
DP00768,Q28181-4,14-99
DP00768,Q28181-4,14-99
DP00768,Q28181-4,14-99
DP00768,Q28181-4,14-99
DP00768,Q28181-4,272-590
DP00768,Q28181-4,272-590
DP00768,Q28181-4,272-590
DP00768,Q28181-4,272-590
DP00768,Q28181-4,272-590
DP00768,Q28181-4,272-590
DP00768,Q28181-4,184-255
DP00768,Q28181-4,184-255
DP00768,Q28181-4,184-255
DP00768,Q28181-4,184-255
DP00768,Q28181-4,184-255
DP00768,Q28181-4,184-255
DP00768,Q28181-4,117-166
DP00768,Q28181-4,117-166
DP00768,Q28181-4,117-166
DP00768,Q28181-4,117-166
DP00768,Q28181-4,117-166
DP00768,Q28181-4,117-166
DP00769,Q24F70,106-162
DP00771,P20435,1-71
DP00774,P40719,35-158
DP00774,P40719,386-417
DP00774,P40719,386-417
DP00774,P40719,386-417
DP00775,P15311,130-150
DP00775,P15311,130-150
DP00775,P15311,130-150
DP00775,P15311,506-586
DP00775,P15311,506-586
DP00775,P15311,506-586
DP00775,P15311,298-515
DP00775,P15311,298-515
DP00775,P15311,298-515
DP00776,P0ACF8,57-89
DP00776,P0ACF8,57-89
DP00778,P46670,220-245
DP00778,P46670,220-245
DP00778,P46670,220-245
DP00778,P46670,1-30
DP00778,P46670,1-30
DP00778,P46670,1-30
DP00783,P10279,23-121
DP00783,P10279,219-230
DP00783,P10279,108-119
DP00783,P10279,108-119
DP00783,P10279,108-119
DP00786,G4NEJ8,1-38
DP00786,G4NEJ8,117-158
DP00787,B2LME8,32-155
DP00788,P38801,118-184
DP00790,P08245,1-31
DP00791,P9WHJ5,1-25
DP00791,P9WHJ5,1-25
DP00791,P9WHJ5,1-26
DP00791,P9WHJ5,1-26
DP00791,P9WHJ5,69-79
DP00792,P36886,1-42
DP00793,P05387,63-115
DP00793,P05387,102-115
DP00793,P05387,102-115
DP00793,P05387,102-115
DP00794,P50616,116-138
DP00794,P50616,147-285
DP00794,P50616,147-345
DP00794,P50616,117-345
DP00795,P62326,13-44
DP00795,P62326,13-44
DP00795,P62326,13-44
DP00795,P62326,13-44
DP00795,P62326,1-44
DP00795,P62326,1-44
DP00795,P62326,1-44
DP00795,P62326,1-44
DP00795,P62326,1-44
DP00795,P62326,14-30
DP00795,P62326,14-30
DP00795,P62326,31-40
DP00795,P62326,31-40
DP00795,P62326,31-40
DP00795,P62326,30-39
DP00795,P62326,30-39
DP00795,P62326,30-39
DP00795,P62326,22-44
DP00795,P62326,22-44
DP00795,P62326,1-44
DP00795,P62326,1-44
DP00795,P62326,1-44
DP00795,P62326,1-44
DP00796,P15382,107-129
DP00796,P15382,107-129
DP00796,P15382,24-45
DP00796,P15382,24-45
DP00796,P15382,72-91
DP00796,P15382,72-91
DP00797,O15273,91-167
DP00797,O15273,91-167
DP00797,O15273,91-167
DP00797,O15273,91-167
DP00797,O15273,91-167
DP00797,O15273,91-167
DP00798,O14214,271-304
DP00798,O14214,1-83
DP00799,P9WNK3,1-16
DP00799,P9WNK3,76-96
DP00801,P61012,1-20
DP00801,P61012,1-20
DP00801,P61012,1-20
DP00803,P22179,1-58
DP00803,P22179,1-58
DP00803,P22179,1-58
DP00806,A1B8N7,116-188
DP00807,Q84ZX5,81-132
DP00807,Q84ZX5,81-132
DP00807,Q84ZX5,81-132
DP00808,P24937,158-239
DP00808,P24937,25-250
DP00808,P24937,240-250
DP00808,P24937,25-250
DP00808,P24937,25-250
DP00808,P24937,147-151
DP00808,P24937,147-151
DP00808,P24937,147-151
DP00808,P24937,147-151
DP00808,P24937,147-151
DP00808,P24937,147-151
DP00809,P80870,81-130
DP00810,P0A882,63-92
DP00810,P0A882,63-92
DP00810,P0A882,2-16
DP00810,P0A882,2-16
DP00811,Q9V452,1-28
DP00811,Q9V452,1-28
DP00811,Q9V452,1-28
DP00811,Q9V452,101-140
DP00811,Q9V452,101-140
DP00811,Q9V452,101-140
DP00814,P01252,1-110
DP00814,P01252,1-110
DP00814,P01252,1-110
DP00814,P01252,1-110
DP00814,P01252,1-110
DP00815,Q9DCL8,1-206
DP00815,Q9DCL8,1-206
DP00815,Q9DCL8,1-206
DP00815,Q9DCL8,1-206
DP00815,Q9DCL8,17-42
DP00815,Q9DCL8,17-42
DP00815,Q9DCL8,17-42
DP00815,Q9DCL8,17-42
DP00815,Q9DCL8,1-11
DP00815,Q9DCL8,1-11
DP00815,Q9DCL8,1-11
DP00815,Q9DCL8,1-11
DP00815,Q9DCL8,57-129
DP00815,Q9DCL8,57-129
DP00815,Q9DCL8,57-129
DP00815,Q9DCL8,57-129
DP00815,Q9DCL8,170-206
DP00815,Q9DCL8,170-206
DP00815,Q9DCL8,170-206
DP00815,Q9DCL8,170-206
DP00816,P41236,9-164
DP00816,P41236,9-164
DP00816,P41236,9-164
DP00816,P41236,9-164
DP00816,P41236,9-164
DP00816,P41236,9-164
DP00816,P41236,9-164
DP00816,P41236,9-164
DP00818,P40422,1-25
DP00820,O73557,1-29
DP00820,O73557,1-29
DP00820,O73557,1-25
DP00820,O73557,76-99
DP00820,O73557,71-99
DP00820,O73557,71-99
DP00820,O73557,1-25
DP00820,O73557,76-99
DP00822,Q885L4,100-130
DP00822,Q885L4,21-35
DP00822,Q885L4,21-35
DP00823,N1NXA6,64-99
DP00823,N1NXA6,64-99
DP00824,Q9NJS1,54-83
DP00824,Q9NJS1,54-83
DP00824,Q9NJS1,54-83
DP00824,Q9NJS1,54-83
DP00824,Q9NJS1,23-83
DP00824,Q9NJS1,23-53
DP00824,Q9NJS1,54-83
DP00824,Q9NJS1,23-53
DP00824,Q9NJS1,56-83
DP00824,Q9NJS1,56-83
DP00824,Q9NJS1,56-83
DP00824,Q9NJS1,56-83
DP00824,Q9NJS1,23-55
DP00827,O31467,49-70
DP00827,O31467,49-70
DP00828,P13183,36-56
DP00828,P13183,36-56
DP00833,P22995,58-83
DP00833,P22995,58-83
DP00833,P22995,58-83
DP00833,P22995,50-83
DP00833,P22995,38-83
DP00834,P69428,21-89
DP00834,P69428,21-89
DP00834,P69428,22-44
DP00834,P69428,22-44
DP00834,P69428,44-89
DP00834,P69428,47-89
DP00834,P69428,22-44
DP00834,P69428,22-44
DP00835,Q03337,1-54
DP00835,Q03337,104-164
DP00836,P01139,19-128
DP00839,Q16186,1-21
DP00839,Q16186,132-252
DP00839,Q16186,132-252
DP00839,Q16186,386-407
DP00839,Q16186,253-285
DP00839,Q16186,253-285
DP00839,Q16186,253-285
DP00839,Q16186,253-285
DP00840,P46065,1-18
DP00840,P46065,187-205
DP00840,P46065,74-108
DP00840,P46065,119-129
DP00841,O14733,30-100
DP00841,O14733,30-100
DP00841,O14733,30-100
DP00842,P12506,1-86
DP00842,P12506,1-86
DP00842,P12506,1-86
DP00844,P01096,1-18
DP00845,P23632,95-107
DP00846,O60888,45-60
DP00846,O60888,170-179
DP00847,P20220,74-112
DP00848,Q49ZM2,1-49
DP00849,Q9Q8E9,1-32
DP00849,Q9Q8E9,62-73
DP00849,Q9Q8E9,62-73
DP00850,P36932,46-161
DP00851,Q9KX51,177-256
DP00851,Q9KX51,1-17
DP00853,P00127,1-72
DP00853,P00127,1-72
DP00854,Q9X8U3,121-199
DP00856,Q980M2,68-79
DP00856,Q980M2,68-79
DP00856,Q980M2,136-165
DP00858,A8AZZ3,116-134
DP00858,A8AZZ3,146-195
DP00858,A8AZZ3,24-44
DP00858,A8AZZ3,24-44
DP00861,Q9L9I0,123-151
DP00861,Q9L9I0,123-151
DP00861,Q9L9I0,123-151
DP00862,P49785,32-102
DP00863,Q9X0Q3,130-201
DP00864,Q9BQ15,28-37
DP00864,Q9BQ15,71-81
DP00864,Q9BQ15,110-211
DP00864,Q9BQ15,122-211
DP00865,Q6P3W2,1-10
DP00865,Q6P3W2,77-92
DP00865,Q6P3W2,77-92
DP00866,O54465,42-72
DP00866,O54465,42-72
DP00868,Q9NHC3,102-117
DP00868,Q9NHC3,102-117
DP00869,F2Z293,1-87
DP00870,H0W0T5,363-565
DP00870,H0W0T5,364-565
DP00871,A4ZNR2,1-121
DP00871,A4ZNR2,1-121
DP00871,A4ZNR2,1-121
DP00871,A4ZNR2,1-121
DP00871,A4ZNR2,1-121
DP00871,A4ZNR2,11-23
DP00872,P80428,328-377
DP00872,P80428,328-377
DP00872,P80428,199-226
DP00872,P80428,199-226
DP00873,Q9H981,401-507
DP00873,Q9H981,401-507
DP00874,Q12406,204-214
DP00874,Q12406,262-276
DP00874,Q12406,353-379
DP00875,P69723,141-192
DP00875,P69723,141-192
DP00875,P69723,141-192
DP00875,P69723,145-192
DP00875,P69723,141-192
DP00875,P69723,141-192
DP00875,P69723,145-192
DP00875,P69723,141-192
DP00875,P69723,157-192
DP00875,P69723,157-192
DP00875,P69723,157-192
DP00876,P14340,676-775
DP00876,P14340,2742-2761
DP00876,P14340,2947-2963
DP00876,P14340,1-22
DP00877,P9WHN5,1-64
DP00877,P9WHN5,1-64
DP00877,P9WHN5,1-64
DP00877,P9WHN5,1-64
DP00877,P9WHN5,1-64
DP00877,P9WHN5,1-64
DP00877,P9WHN5,1-20
DP00877,P9WHN5,51-64
DP00877,P9WHN5,21-51
DP00877,P9WHN5,21-51
DP00877,P9WHN5,21-51
DP00877,P9WHN5,21-61
DP00877,P9WHN5,1-61
DP00877,P9WHN5,30-59
DP00877,P9WHN5,1-64
DP00877,P9WHN5,52-64
DP00877,P9WHN5,1-64
DP00877,P9WHN5,21-58
DP00878,G8HXD9,28-56
DP00878,G8HXD9,28-56
DP00878,G8HXD9,28-56
DP00878,G8HXD9,28-56
DP00878,G8HXD9,1-27
DP00882,G1TDB3,1-39
DP00882,G1TDB3,115-124
DP00884,P50106,1-11
DP00884,P50106,49-78
DP00884,P50106,101-137
DP00884,P50106,1-16
DP00884,P50106,103-112
DP00885,Q9DDG2,20-36
DP00885,Q9DDG2,129-147
DP00885,Q9DDG2,129-147
DP00886,Q9RY65,1-18
DP00887,P21246,32-46
DP00887,P21246,140-168
DP00887,P21246,84-95
DP00887,P21246,84-95
DP00887,P21246,147-168
DP00887,P21246,147-168
DP00887,P21246,144-168
DP00887,P21246,144-168
DP00887,P21246,144-168
DP00887,P21246,144-168
DP00887,P21246,144-168
DP00889,P9WF19,1-45
DP00892,O31818,41-77
DP00893,P08240,130-176
DP00893,P08240,131-176
DP00893,P08240,130-238
DP00894,Q7B2Z6,1-12
DP00894,Q7B2Z6,54-82
DP00894,Q7B2Z6,2-12
DP00894,Q7B2Z6,54-72
DP00895,P03421,1-102
DP00895,P03421,1-102
DP00895,P03421,162-241
DP00895,P03421,162-241
DP00895,P03421,1-118
DP00895,P03421,164-241
DP00895,P03421,161-241
DP00895,P03421,1-118
DP00895,P03421,234-241
DP00895,P03421,161-241
DP00895,P03421,161-241
DP00895,P03421,161-241
DP00895,P03421,234-241
DP00896,P10121,1-187
DP00896,P10121,1-187
DP00896,P10121,1-187
DP00896,P10121,1-187
DP00897,Q57565,303-318
DP00897,Q57565,303-318
DP00897,Q57565,303-318
DP00897,Q57565,303-318
DP00897,Q57565,345-364
DP00897,Q57565,345-364
DP00897,Q57565,345-364
DP00897,Q57565,430-451
DP00897,Q57565,430-451
DP00897,Q57565,430-451
DP00897,Q57565,430-451
DP00897,Q57565,339-364
DP00897,Q57565,341-364
DP00898,P13338,1-31
DP00898,P13338,103-112
DP00899,P44654,28-62
DP00899,P44654,131-150
DP00899,P44654,28-62
DP00899,P44654,28-62
DP00899,P44654,28-62
DP00899,P44654,131-150
DP00899,P44654,131-150
DP00899,P44654,131-150
DP00900,Q04660,535-570
DP00900,Q04660,535-570
DP00900,Q04660,535-570
DP00901,O75496,70-91
DP00902,O32728,1-101
DP00902,O32728,159-250
DP00903,P47813,1-25
DP00903,P47813,119-144
DP00903,P47813,1-27
DP00903,P47813,129-144
DP00903,P47813,138-144
DP00904,Q58876,104-213
DP00907,Q9HB71-2,48-80
DP00907,Q9HB71-2,48-80
DP00907,Q9HB71-2,48-80
DP00908,P9WJ35,1-46
DP00910,P41567,1-28
DP00912,Q8N4Q1,107-142
DP00913,A0A0J9X1Q5,746-764
DP00913,A0A0J9X1Q5,1-371
DP00914,I7MK25,1-17
DP00914,I7MK25,1-17
DP00914,I7MK25,1-17
DP00915,Q5JH72,1-27
DP00915,Q5JH72,1-27
DP00916,Q8GY31,130-146
DP00916,Q8GY31,130-146
DP00916,Q8GY31,130-146
DP00917,P21583,92-103
DP00917,P21583,92-103
DP00917,P21583,127-141
DP00917,P21583,127-141
DP00918,A0MHA3,36-64
DP00919,C6KEI3,152-180
DP00919,C6KEI3,1-75
DP00922,P67966,67-115
DP00922,P67966,67-115
DP00925,J8TM36,236-249
DP00925,J8TM36,236-249
DP00926,Q9BQB4,25-79
DP00926,Q9BQB4,169-213
DP00926,Q9BQB4,110-133
DP00926,Q9BQB4,110-133
DP00926,Q9BQB4,110-133
DP00926,Q9BQB4,115-121
DP00926,Q9BQB4,115-121
DP00926,Q9BQB4,115-121
DP00926,Q9BQB4,110-133
DP00927,A0L5S6,222-239
DP00928,P62552,37-72
DP00928,P62552,37-72
DP00928,P62552,37-72
DP00928,P62552,37-72
DP00928,P62552,37-72
DP00928,P62552,37-72
DP00928,P62552,41-72
DP00928,P62552,32-72
DP00928,P62552,32-72
DP00928,P62552,32-72
DP00928,P62552,41-72
DP00928,P62552,37-72
DP00928,P62552,37-72
DP00928,P62552,37-72
DP00928,P62552,37-72
DP00928,P62552,37-72
DP00928,P62552,37-72
DP00928,P62552,46-71
DP00928,P62552,46-72
DP00928,P62552,1-72
DP00928,P62552,1-72
DP00928,P62552,32-72
DP00928,P62552,32-72
DP00928,P62552,41-72
DP00929,P04608,50-86
DP00929,P04608,1-49
DP00929,P04608,1-49
DP00929,P04608,1-49
DP00929,P04608,1-49
DP00929,P04608,1-57
DP00929,P04608,1-86
DP00929,P04608,62-68
DP00929,P04608,49-72
DP00929,P04608,1-72
DP00929,P04608,1-72
DP00929,P04608,41-54
DP00929,P04608,41-54
DP00929,P04608,41-54
DP00929,P04608,1-86
DP00929,P04608,1-86
DP00929,P04608,1-86
DP00929,P04608,1-86
DP00929,P04608,42-54
DP00929,P04608,42-54
DP00929,P04608,42-54
DP00929,P04608,42-54
DP00929,P04608,1-86
DP00929,P04608,49-57
DP00929,P04608,1-86
DP00929,P04608,48-57
DP00930,P80723,1-227
DP00930,P80723,1-227
DP00930,P80723,1-227
DP00930,P80723,1-67
DP00930,P80723,1-227
DP00930,P80723,1-60
DP00930,P80723,1-227
DP00931,Q5ZYC9,1-27
DP00931,Q5ZYC9,87-120
DP00931,Q5ZYC9,1-27
DP00931,Q5ZYC9,87-120
DP00932,P35926,1-76
DP00932,P35926,1-76
DP00932,P35926,1-76
DP00933,G1K3N3,1-44
DP00934,P61925,14-33
DP00934,P61925,44-76
DP00935,P31087,47-58
DP00935,P31087,47-58
DP00935,P31087,47-58
DP00935,P31087,47-58
DP00935,P31087,68-80
DP00935,P31087,68-80
DP00935,P31087,68-80
DP00936,O88998,339-352
DP00937,Q12972,144-225
DP00937,Q12972,144-225
DP00937,Q12972,144-225
DP00937,Q12972,185-198
DP00937,Q12972,185-198
DP00937,Q12972,185-198
DP00939,P04859,474-515
DP00939,P04859,474-515
DP00939,P04859,474-517
DP00939,P04859,474-517
DP00939,P04859,474-518
DP00939,P04859,504-508
DP00939,P04859,505-515
DP00939,P04859,474-515
DP00940,Q62627,1-332
DP00940,Q62627,1-290
DP00941,Q93009,54-64
DP00941,Q93009,174-187
DP00941,Q93009,105-114
DP00941,Q93009,174-187
DP00941,Q93009,500-509
DP00941,Q93009,1084-1102
DP00942,Q647G9,22-34
DP00942,Q647G9,57-71
DP00942,Q647G9,129-145
DP00943,O35274,417-494
DP00943,O35274,584-602
DP00943,O35274,584-602
DP00943,O35274,1-154
DP00943,O35274,1-154
DP00943,O35274,1-154
DP00943,O35274,1-154
DP00943,O35274,1-154
DP00944,P12736,1-95
DP00944,P12736,1-95
DP00944,P12736,1-95
DP00944,P12736,1-95
DP00948,P59595,1-44
DP00948,P59595,182-247
DP00948,P59595,366-422
DP00948,P59595,182-247
DP00948,P59595,182-247
DP00948,P59595,248-259
DP00948,P59595,248-259
DP00948,P59595,248-259
DP00948,P59595,182-247
DP00948,P59595,184-196
DP00948,P59595,182-247
DP00948,P59595,1-44
DP00948,P59595,182-247
DP00948,P59595,366-422
DP00948,P59595,1-46
DP00948,P59595,366-382
DP00949,Q9HAU5,1105-1129
DP00949,Q9HAU5,1105-1129
DP00949,Q9HAU5,1105-1129
DP00949,Q9HAU5,1167-1207
DP00949,Q9HAU5,1167-1207
DP00949,Q9HAU5,1167-1207
DP00949,Q9HAU5,1130-1166
DP00949,Q9HAU5,1130-1166
DP00949,Q9HAU5,430-486
DP00949,Q9HAU5,481-536
DP00949,Q9HAU5,1025-1078
DP00949,Q9HAU5,757-767
DP00949,Q9HAU5,757-767
DP00949,Q9HAU5,1042-1050
DP00949,Q9HAU5,1207-1227
DP00949,Q9HAU5,1167-1207
DP00949,Q9HAU5,1171-1176
DP00949,Q9HAU5,1171-1176
DP00949,Q9HAU5,1015-1054
DP00949,Q9HAU5,1105-1207
DP00949,Q9HAU5,1167-1207
DP00949,Q9HAU5,1108-1128
DP00949,Q9HAU5,1105-1129
DP00951,P17677,1-238
DP00951,P17677,1-238
DP00951,P17677,1-238
DP00953,Q9H832,1-99
DP00953,Q9H832,1-99
DP00953,Q9H832,327-354
DP00954,Q9YGY0,435-465
DP00954,Q9YGY0,435-465
DP00954,Q9YGY0,483-504
DP00955,P06836,1-242
DP00955,P06836,1-242
DP00955,P06836,38-51
DP00955,P06836,38-51
DP00955,P06836,1-242
DP00955,P06836,1-242
DP00956,Q63K18,10-28
DP00956,Q63K18,10-28
DP00956,Q63K18,10-28
DP00957,C0J347,264-464
DP00957,C0J347,264-464
DP00957,C0J347,264-464
DP00957,C0J347,264-464
DP00957,C0J347,264-464
DP00958,P46984,1-123
DP00958,P46984,2-21
DP00958,P46984,2-21
DP00958,P46984,2-21
DP00958,P46984,2-21
DP00958,P46984,65-113
DP00958,P46984,65-113
DP00958,P46984,65-113
DP00958,P46984,65-113
DP00959,O15169,295-500
DP00959,O15169,295-500
DP00959,O15169,295-500
DP00959,O15169,295-500
DP00959,O15169,295-500
DP00959,O15169,295-500
DP00959,O15169,295-500
DP00961,P52630,786-816
DP00961,P52630,786-816
DP00961,P52630,786-816
DP00961,P52630,817-838
DP00961,P52630,817-838
DP00962,P42224,710-719
DP00962,P42224,720-750
DP00962,P42224,720-750
DP00962,P42224,720-750
DP00963,P0DJ89,293-307
DP00963,P0DJ89,293-307
DP00963,P0DJ89,293-307
DP00964,P60460,1-20
DP00964,P60460,1-20
DP00966,P09415,1-23
DP00968,Q60795,1-98
DP00968,Q60795,1-98
DP00968,Q60795,1-98
DP00968,Q60795,1-98
DP00969,Q02548,1-30
DP00969,Q02548,19-30
DP00969,Q02548,76-92
DP00969,Q02548,76-92
DP00969,Q02548,76-92
DP00969,Q02548,1-18
DP00970,P0ABD8,1-77
DP00970,P0ABD8,1-77
DP00970,P0ABD8,1-77
DP00973,P46108-2,121-133
DP00973,P46108-2,121-133
DP00974,P42866,1-51
DP00974,P42866,361-398
DP00975,Q86FP9,20-79
DP00975,Q86FP9,50-73
DP00975,Q86FP9,50-73
DP00975,Q86FP9,50-73
DP00975,Q86FP9,50-73
DP00976,P04578,127-196
DP00976,P04578,127-196
DP00976,P04578,127-196
DP00976,P04578,398-409
DP00976,P04578,127-196
DP00977,Q86FP8,20-80
DP00977,Q86FP8,20-80
DP00977,Q86FP8,20-80
DP00980,P36595,1-59
DP00984,P12357,73-167
DP00984,P12357,70-164
DP00985,Q87WW0,217-305
DP00985,Q87WW0,217-305
DP00985,Q87WW0,217-305
DP00986,Q8QWD4,2-29
DP00987,A0A0H3CFC9,1-22
DP00989,P0ACX9,1-20
DP00990,P12355,1-77
DP00991,P0AAC0,269-282
DP00991,P0AAC0,269-282
DP00991,P0AAC0,269-282
DP00992,P27356,1-35
DP00992,P27356,1-35
DP00992,P27356,127-138
DP00993,Q9I332,1-253
DP00993,Q9I332,1-253
DP00993,Q9I332,20-40
DP00993,Q9I332,20-40
DP00993,Q9I332,20-40
DP00994,P39015,85-117
DP00994,P39015,177-273
DP00994,P39015,195-273
DP00994,P39015,85-121
DP00994,P39015,142-168
DP00995,P01097,28-50
DP00995,P01097,28-50
DP00995,P01097,28-50
DP00995,P01097,28-50
DP00996,Q9WZ73,38-48
DP00996,Q9WZ73,38-48
DP00996,Q9WZ73,38-48
DP00996,Q9WZ73,109-141
DP00996,Q9WZ73,109-141
DP00996,Q9WZ73,109-141
DP00997,P0A4T9,111-159
DP00997,P0A4T9,111-159
DP00997,P0A4T9,111-159
DP00998,Q05127,20-48
DP00998,Q05127,20-48
DP00998,Q05127,20-48
DP00998,Q05127,20-48
DP00998,Q05127,20-48
DP00998,Q05127,26-36
DP00998,Q05127,20-48
DP00998,Q05127,20-48
DP00998,Q05127,20-48
DP00998,Q05127,20-48
DP00998,Q05127,20-48
DP00998,Q05127,20-48
DP00999,P03315,119-260
DP00999,P03315,119-260
DP00999,P03315,119-260
DP00999,P03315,119-260
DP00999,P03315,119-260
DP00999,P03315,119-260
DP01001,B8YB65,1-32
DP01001,B8YB65,85-104
DP01001,B8YB65,83-104
DP01001,B8YB65,1-104
DP01001,B8YB65,47-52
DP01001,B8YB65,1-32
DP01001,B8YB65,83-104
DP01001,B8YB65,1-104
DP01002,O87120,53-70
DP01004,Q9KJ82,1-32
DP01004,Q9KJ82,1-32
DP01004,Q9KJ82,1-32
DP01004,Q9KJ82,1-32
DP01005,Q8PMB6,15-33
DP01005,Q8PMB6,99-131
DP01005,Q8PMB6,70-82
DP01009,P97303,331-520
DP01009,P97303,331-520
DP01009,P97303,331-520
DP01009,P97303,331-520
DP01010,P51177,2-18
DP01010,P51177,132-144
DP01010,P51177,191-204
DP01011,P68390,1-65
DP01011,P68390,1-65
DP01011,P68390,1-65
DP01012,P27392,57-93
DP01012,P27392,57-93
DP01012,P27392,57-93
DP01013,P68927,51-72
DP01013,P68927,53-72
DP01013,P68927,53-72
DP01014,O94742,1-89
DP01014,O94742,1-89
DP01014,O94742,1-89
DP01014,O94742,1-89
DP01014,O94742,1-89
DP01014,O94742,1-89
DP01014,O94742,1-70
DP01014,O94742,1-70
DP01014,O94742,1-70
DP01014,O94742,1-70
DP01014,O94742,1-70
DP01015,Q83AR4,132-188
DP01017,P56254,72-88
DP01022,Q6URW6,1954-2000
DP01022,Q6URW6,1954-2000
DP01022,Q6URW6,1954-2000
DP01022,Q6URW6,1954-2000
DP01023,Q01101,1-20
DP01023,Q01101,1-20
DP01023,Q01101,1-20
DP01023,Q01101,1-20
DP01024,P27708,1822-1846
DP01024,P27708,1822-1846
DP01025,P02619,1-107
DP01025,P02619,1-107
DP01025,P02619,1-107
DP01025,P02619,1-107
DP01025,P02619,1-107
DP01025,P02619,1-107
DP01026,A5YV76,1975-1990
DP01026,A5YV76,1975-1990
DP01026,A5YV76,1975-1990
DP01026,A5YV76,2188-2212
DP01026,A5YV76,2188-2212
DP01026,A5YV76,2112-2512
DP01027,Q4DRC4,210-241
DP01027,Q4DRC4,220-241
DP01028,Q59471,1-45
DP01029,Q59472,1-36
DP01030,Q51912,136-155
DP01030,Q51912,136-155
DP01030,Q51912,136-155
DP01030,Q51912,136-155
DP01030,Q51912,136-155
DP01030,Q51912,136-155
DP01030,Q51912,136-155
DP01030,Q51912,136-155
DP01031,Q99IB8,2224-2317
DP01031,Q99IB8,2224-2317
DP01031,Q99IB8,2224-2317
DP01031,Q99IB8,2224-2317
DP01031,Q99IB8,2224-2317
DP01031,Q99IB8,2331-2440
DP01031,Q99IB8,2331-2440
DP01031,Q99IB8,2331-2440
DP01031,Q99IB8,2331-2440
DP01031,Q99IB8,2226-2238
DP01031,Q99IB8,2250-2263
DP01031,Q99IB8,2282-2309
DP01031,Q99IB8,2224-2317
DP01031,Q99IB8,2280-2299
DP01031,Q99IB8,2313-2317
DP01032,Q06556,848-969
DP01032,Q06556,848-969
DP01032,Q06556,806-969
DP01032,Q06556,848-969
DP01033,Q91006,1-92
DP01033,Q91006,1-92
DP01033,Q91006,1-92
DP01033,Q91006,1-92
DP01033,Q91006,1-92
DP01033,Q91006,1-92
DP01033,Q91006,24-35
DP01033,Q91006,24-35
DP01033,Q91006,24-35
DP01033,Q91006,24-35
DP01034,P73124,1-65
DP01034,P73124,1-65
DP01034,P73124,1-65
DP01034,P73124,1-65
DP01034,P73124,1-65
DP01034,P73124,1-65
DP01034,P73124,1-65
DP01034,P73124,1-65
DP01034,P73124,1-65
DP01034,P73124,1-65
DP01034,P73124,1-65
DP01034,P73124,1-65
DP01034,P73124,1-65
DP01034,P73124,1-65
DP01034,P73124,1-65
DP01034,P73124,1-65
DP01034,P73124,1-65
DP01034,P73124,1-65
DP01034,P73124,1-65
DP01034,P73124,1-65
DP01034,P73124,1-65
DP01035,Q39805,1-226
DP01035,Q39805,1-226
DP01036,I1JLC8,1-105
DP01037,Q9S446,162-174
DP01037,Q9S446,162-174
DP01037,Q9S446,162-174
DP01037,Q9S446,164-176
DP01037,Q9S446,164-176
DP01037,Q9S446,164-176
DP01038,Q9FUM5,1-65
DP01038,Q9FUM5,1-65
DP01039,Q85258,336-523
DP01039,Q85258,336-523
DP01039,Q85258,336-523
DP01039,Q85258,336-523
DP01039,Q85258,336-523
DP01039,Q85258,336-523
DP01040,Q9FUW7,1-280
DP01043,Q80FJ1,2-31
DP01043,Q80FJ1,2-31
DP01043,Q80FJ1,2-31
DP01043,Q80FJ1,2-31
DP01043,Q80FJ1,2-31
DP01044,Q47785,82-103
DP01045,Q7DB66,60-85
DP01045,Q7DB66,60-85
DP01047,O50835,56-205
DP01047,O50835,56-205
DP01047,O50835,56-205
DP01047,O50835,56-205
DP01047,O50835,56-205
DP01047,O50835,56-205
DP01047,O50835,56-205
DP01047,O50835,56-205
DP01048,Q39532,224-276
DP01048,Q39532,224-276
DP01048,Q39532,224-276
DP01048,Q39532,224-276
DP01048,Q39532,224-276
DP01048,Q39532,224-276
DP01049,Q6QCC2,41-51
DP01050,P0A6X3,75-102
DP01050,P0A6X3,75-102
DP01050,P0A6X3,75-102
DP01050,P0A6X3,75-102
DP01050,P0A6X3,75-102
DP01051,Q7LKB1,1-253
DP01051,Q7LKB1,1-253
DP01052,Q8MWS6,283-343
DP01052,Q8MWS6,283-343
DP01052,Q8MWS6,283-343
DP01054,Q76LA1,1-67
DP01054,Q76LA1,1-67
DP01054,Q76LA1,1-67
DP01055,Q8GT36,1-103
DP01055,Q8GT36,1-103
DP01055,Q8GT36,1-103
DP01056,A7UMX5,1-996
DP01056,A7UMX5,1-996
DP01056,A7UMX5,1-996
DP01056,A7UMX5,1-996
DP01057,Q42512,41-139
DP01057,Q42512,41-139
DP01057,Q42512,41-139
DP01057,Q42512,41-139
DP01057,Q42512,41-139
DP01057,Q42512,41-139
DP01057,Q42512,41-139
DP01057,Q42512,1-139
DP01057,Q42512,1-139
DP01058,Q9SIN5,41-139
DP01058,Q9SIN5,41-139
DP01058,Q9SIN5,41-139
DP01058,Q9SIN5,41-139
DP01058,Q9SIN5,41-139
DP01058,Q9SIN5,41-139
DP01058,Q9SIN5,41-139
DP01059,Q71FK2,1-20
DP01060,A8CDV5,1-118
DP01060,A8CDV5,60-67
DP01060,A8CDV5,84-96
DP01060,A8CDV5,60-66
DP01060,A8CDV5,86-110
DP01060,A8CDV5,86-110
DP01060,A8CDV5,60-66
DP01060,A8CDV5,60-67
DP01060,A8CDV5,84-96
DP01060,A8CDV5,1-118
DP01063,Q9Y6C2,948-966
DP01063,Q9Y6C2,953-966
DP01063,Q9Y6C2,951-956
DP01063,Q9Y6C2,951-956
DP01063,Q9Y6C2,948-966
DP01065,Q9NQI0,1-236
DP01065,Q9NQI0,1-236
DP01066,Q9NQI0-2,1-204
DP01067,P19599,21-238
DP01068,Q9UBB5,238-356
DP01068,Q9UBB5,238-356
DP01068,Q9UBB5,238-356
DP01069,Q6MRH6,1-101
DP01069,Q6MRH6,1-101
DP01069,Q6MRH6,1-101
DP01069,Q6MRH6,1-101
DP01069,Q6MRH6,1-101
DP01069,Q6MRH6,1-101
DP01070,P42568,490-568
DP01070,P42568,490-568
DP01070,P42568,490-568
DP01070,P42568,490-568
DP01070,P42568,490-568
DP01070,P42568,490-568
DP01070,P42568,490-568
DP01070,P42568,490-568
DP01070,P42568,490-568
DP01071,O23764,1-422
DP01071,O23764,1-422
DP01071,O23764,1-422
DP01071,O23764,1-422
DP01071,O23764,1-422
DP01071,O23764,1-422
DP01073,Q61548,623-680
DP01073,Q61548,623-680
DP01073,Q61548,623-680
DP01074,Q7YUB9,1-86
DP01074,Q7YUB9,1-86
DP01074,Q7YUB9,1-86
DP01074,Q7YUB9,1-86
DP01074,Q7YUB9,1-86
DP01074,Q7YUB9,1-86
DP01074,Q7YUB9,1-86
DP01074,Q7YUB9,1-86
DP01075,P20676,300-1076
DP01075,P20676,300-1076
DP01075,P20676,300-1076
DP01075,P20676,300-1076
DP01076,Q02629,1-640
DP01076,Q02629,1-640
DP01076,Q02629,1-640
DP01076,Q02629,1-640
DP01076,Q02629,2-580
DP01076,Q02629,2-580
DP01076,Q02629,2-580
DP01076,Q02629,2-580
DP01076,Q02629,2-580
DP01077,P14907,1-603
DP01077,P14907,1-603
DP01077,P14907,1-603
DP01077,P14907,1-603
DP01077,P14907,262-603
DP01077,P14907,496-607
DP01077,P14907,496-607
DP01078,P40477,441-881
DP01078,P40477,441-881
DP01078,P40477,441-881
DP01078,P40477,441-881
DP01079,P40517,1-203
DP01079,P40517,1-203
DP01079,P40517,1-203
DP01079,P40517,1-203
DP01080,Q9C1S9,44-96
DP01080,Q9C1S9,44-96
DP01082,Q7X2A1,1119-1165
DP01082,Q7X2A1,1119-1165
DP01082,Q7X2A1,1119-1165
DP01082,Q7X2A1,1119-1165
DP01082,Q7X2A1,1119-1165
DP01082,Q7X2A1,1119-1165
DP01082,Q7X2A1,1119-1165
DP01082,Q7X2A1,1119-1165
DP01082,Q7X2A1,1119-1165
DP01082,Q7X2A1,1119-1165
DP01082,Q7X2A1,1119-1165
DP01082,Q7X2A1,1119-1165
DP01083,Q7TP21,91-167
DP01083,Q7TP21,91-167
DP01084,Q1K7R9,111-173
DP01084,Q1K7R9,111-173
DP01085,Q9SKI4,106-193
DP01085,Q9SKI4,106-193
DP01086,Q10Q08,105-180
DP01086,Q10Q08,105-180
DP01087,Q1PAB4,1-101
DP01087,Q1PAB4,1-101
DP01087,Q1PAB4,1-101
DP01087,Q1PAB4,1-101
DP01087,Q1PAB4,1-101
DP01087,Q1PAB4,1-101
DP01087,Q1PAB4,1-101
DP01087,Q1PAB4,48-52
DP01087,Q1PAB4,41-54
DP01087,Q1PAB4,41-54
DP01087,Q1PAB4,41-54
DP01087,Q1PAB4,42-54
DP01087,Q1PAB4,42-54
DP01087,Q1PAB4,42-54
DP01087,Q1PAB4,42-54
DP01087,Q1PAB4,42-54
DP01087,Q1PAB4,1-101
DP01087,Q1PAB4,1-101
DP01087,Q1PAB4,1-101
DP01088,Q9XES8,1-89
DP01088,Q9XES8,1-89
DP01088,Q9XES8,1-89
DP01088,Q9XES8,1-89
DP01088,Q9XES8,1-89
DP01088,Q9XES8,1-89
DP01088,Q9XES8,1-89
DP01091,P96884,60-81
DP01091,P96884,60-81
DP01091,P96884,159-172
DP01091,P96884,159-172
DP01092,O66683,1-88
DP01092,O66683,1-17
DP01092,O66683,1-88
DP01092,O66683,1-88
DP01092,O66683,1-88
DP01092,O66683,30-88
DP01093,B7T1D7,127-137
DP01093,B7T1D7,127-137
DP01093,B7T1D7,216-250
DP01093,B7T1D7,216-250
DP01094,Q9BP37,23-52
DP01094,Q9BP37,23-52
DP01094,Q9BP37,53-88
DP01094,Q9BP37,53-88
DP01094,Q9BP37,53-88
DP01094,Q9BP37,23-88
DP01095,Q9BP38,25-54
DP01095,Q9BP38,25-54
DP01095,Q9BP38,25-54
DP01095,Q9BP38,25-54
DP01095,Q9BP38,25-54
DP01095,Q9BP38,25-54
DP01096,Q25733,605-618
DP01097,P61244-2,84-151
DP01098,Q16222-2,54-68
DP01098,Q16222-2,54-68
DP01099,O00204-2,1-10
DP01099,O00204-2,339-350
DP01100,P10636-8,1-441
DP01100,P10636-8,1-441
DP01100,P10636-8,1-441
DP01100,P10636-8,1-441
DP01100,P10636-8,1-441
DP01100,P10636-8,1-441
DP01100,P10636-8,1-441
DP01100,P10636-8,1-441
DP01100,P10636-8,1-441
DP01100,P10636-8,1-441
DP01100,P10636-8,1-441
DP01100,P10636-8,1-441
DP01100,P10636-8,1-441
DP01100,P10636-8,1-441
DP01100,P10636-8,1-441
DP01101,P04370-5,1-169
DP01101,P04370-5,1-169
DP01101,P04370-5,1-169
DP01102,P35637,1-507
DP01102,P35637,508-526
DP01102,P35637,37-41
DP01102,P35637,149-154
DP01102,P35637,1-163
DP01102,P35637,1-526
DP01102,P35637,285-370
DP01102,P35637,285-370
DP01102,P35637,421-455
DP01102,P35637,1-526
DP01102,P35637,1-163
DP01102,P35637,1-163
DP01102,P35637,1-526
DP01102,P35637,1-163
DP01102,P35637,1-526
DP01102,P35637,1-214
DP01102,P35637,1-214
DP01102,P35637,1-214
DP01102,P35637,1-526
DP01102,P35637,1-526
DP01102,P35637,1-422
DP01102,P35637,1-526
DP01102,P35637,1-526
DP01102,P35637,1-526
DP01102,P35637,2-36
DP01102,P35637,98-214
DP01102,P35637,39-95
DP01102,P35637,1-211
DP01102,P35637,305-368
DP01102,P35637,1-526
DP01102,P35637,1-526
DP01102,P35637,221-526
DP01102,P35637,221-526
DP01102,P35637,221-526
DP01102,P35637,221-526
DP01102,P35637,1-526
DP01102,P35637,221-526
DP01102,P35637,1-211
DP01102,P35637,221-526
DP01103,Q13698,665-785
DP01103,Q13698,665-785
DP01103,Q13698,665-785
DP01103,Q13698,665-785
DP01103,Q13698,665-785
DP01103,Q13698,665-785
DP01103,Q13698,666-791
DP01103,Q13698,666-791
DP01103,Q13698,666-791
DP01104,P46531,1758-1888
DP01104,P46531,1758-1888
DP01105,P20444,606-672
DP01105,P20444,606-672
DP01105,P20444,606-672
DP01105,P20444,606-672
DP01105,P20444,606-672
DP01105,P20444,606-672
DP01105,P20444,606-672
DP01106,P16471,236-598
DP01106,P16471,236-598
DP01106,P16471,236-598
DP01106,P16471,236-396
DP01106,P16471,236-396
DP01106,P16471,236-300
DP01106,P16471,350-383
DP01106,P16471,547-598
DP01106,P16471,281-285
DP01108,Q13148,266-414
DP01108,Q13148,266-414
DP01108,Q13148,266-414
DP01108,Q13148,267-414
DP01108,Q13148,267-414
DP01108,Q13148,267-414
DP01108,Q13148,267-414
DP01108,Q13148,321-343
DP01108,Q13148,266-414
DP01108,Q13148,266-414
DP01108,Q13148,266-414
DP01108,Q13148,263-414
DP01108,Q13148,263-414
DP01108,Q13148,263-414
DP01108,Q13148,263-414
DP01108,Q13148,263-414
DP01108,Q13148,263-414
DP01108,Q13148,263-414
DP01108,Q13148,263-414
DP01108,Q13148,263-414
DP01108,Q13148,263-414
DP01108,Q13148,263-414
DP01108,Q13148,263-414
DP01108,Q13148,263-414
DP01109,P22626,190-341
DP01109,P22626,190-341
DP01109,P22626,190-341
DP01109,P22626,190-341
DP01110,Q9UHD9,450-576
DP01110,Q9UHD9,450-576
DP01111,Q13501,341-386
DP01111,Q13501,341-386
DP01112,P27986,91-104
DP01112,P27986,91-104
DP01112,P27986,91-104
DP01112,P27986,91-104
DP01112,P27986,91-104
DP01113,D0PV95,1-168
DP01113,D0PV95,1-168
DP01113,D0PV95,1-168
DP01114,P16333,59-108
DP01114,P16333,59-108
DP01115,Q16236,69-84
DP01115,Q16236,1-605
DP01115,Q16236,1-605
DP01115,Q16236,1-605
DP01115,Q16236,1-605
DP01115,Q16236,17-46
DP01115,Q16236,17-46
DP01115,Q16236,76-84
DP01115,Q16236,76-84
DP01115,Q16236,17-46
DP01115,Q16236,74-87
DP01115,Q16236,1-56
DP01115,Q16236,1-605
DP01115,Q16236,1-208
DP01115,Q16236,209-605
DP01115,Q16236,209-605
DP01115,Q16236,1-208
DP01115,Q16236,1-208
DP01115,Q16236,1-605
DP01115,Q16236,1-605
DP01116,Q03164,140-160
DP01116,Q03164,140-160
DP01116,Q03164,140-160
DP01117,O60566,20-42
DP01117,O60566,20-42
DP01117,O60566,20-42
DP01118,Q12834,81-164
DP01118,Q12834,477-499
DP01119,P35222,19-44
DP01119,P35222,692-781
DP01119,P35222,687-781
DP01119,P35222,1-137
DP01119,P35222,772-781
DP01119,P35222,772-781
DP01119,P35222,19-44
DP01119,P35222,19-44
DP01119,P35222,43-47
DP01119,P35222,17-21
DP01119,P35222,21-25
DP01119,P35222,39-43
DP01119,P35222,35-39
DP01119,P35222,31-35
DP01119,P35222,21-25
DP01119,P35222,27-31
DP01119,P35222,47-51
DP01119,P35222,62-66
DP01119,P35222,772-781
DP01119,P35222,683-781
DP01119,P35222,31-35
DP01119,P35222,33-37
DP01119,P35222,32-37
DP01119,P35222,30-40
DP01119,P35222,17-21
DP01120,P24864,360-373
DP01121,Q38825,82-94
DP01121,Q38825,82-94
DP01122,Q27934,107-130
DP01122,Q27934,107-130
DP01123,P43403,258-302
DP01123,P43403,484-500
DP01123,P43403,484-500
DP01124,Q9Y261,240-258
DP01124,Q9Y261,240-258
DP01127,Q8VHK2,603-1430
DP01127,Q8VHK2,603-1430
DP01127,Q8VHK2,603-1430
DP01127,Q8VHK2,603-1430
DP01127,Q8VHK2,603-1430
DP01128,O43806,25-93
DP01128,O43806,25-93
DP01128,O43806,25-93
DP01128,O43806,22-97
DP01128,O43806,22-97
DP01128,O43806,1-158
DP01128,O43806,22-97
DP01128,O43806,22-97
DP01128,O43806,22-97
DP01129,P12296,1-19
DP01129,P12296,27-41
DP01129,P12296,45-59
DP01129,P12296,1-19
DP01129,P12296,37-67
DP01129,P12296,1-15
DP01129,P12296,22-43
DP01129,P12296,46-67
DP01129,P12296,29-60
DP01129,P12296,29-41
DP01129,P12296,47-53
DP01129,P12296,56-67
DP01130,P49757,68-78
DP01130,P49757,68-78
DP01131,O14558,1-56
DP01131,O14558,1-56
DP01131,O14558,1-56
DP01132,Q12778,242-266
DP01132,Q12778,242-266
DP01132,Q12778,246-262
DP01133,Q00987-11,216-302
DP01133,Q00987-11,216-302
DP01133,Q00987-11,216-302
DP01134,P10071,106-236
DP01135,P40019,1-153
DP01135,P40019,1-153
DP01136,P22470,1-610
DP01136,P22470,1-610
DP01136,P22470,1-610
DP01136,P22470,1-610
DP01136,P22470,1-610
DP01136,P22470,1-164
DP01136,P22470,286-610
DP01136,P22470,1-610
DP01136,P22470,1-610
DP01137,Q6FI81,173-266
DP01137,Q6FI81,173-266
DP01139,A0A0G2JXC5,129-160
DP01139,A0A0G2JXC5,129-160
DP01139,A0A0G2JXC5,129-160
DP01139,A0A0G2JXC5,129-160
DP01139,A0A0G2JXC5,129-160
DP01139,A0A0G2JXC5,129-160
DP01139,A0A0G2JXC5,173-204
DP01139,A0A0G2JXC5,173-204
DP01139,A0A0G2JXC5,173-204
DP01139,A0A0G2JXC5,173-204
DP01139,A0A0G2JXC5,173-204
DP01139,A0A0G2JXC5,173-204
DP01139,A0A0G2JXC5,85-116
DP01139,A0A0G2JXC5,85-116
DP01139,A0A0G2JXC5,85-116
DP01139,A0A0G2JXC5,85-116
DP01139,A0A0G2JXC5,85-116
DP01139,A0A0G2JXC5,85-116
DP01140,P38293,1-148
DP01140,P38293,1-148
DP01140,P38293,1-148
DP01140,P38293,1-84
DP01140,P38293,1-148
DP01141,P70604,396-424
DP01141,P70604,396-424
DP01141,P70604,436-487
DP01141,P70604,436-487
DP01142,O92972,2314-2338
DP01142,O92972,2163-2341
DP01142,O92972,2305-2341
DP01142,O92972,2172-2200
DP01142,O92972,2267-2292
DP01142,O92972,2163-2312
DP01142,O92972,2314-2340
DP01142,O92972,2163-2341
DP01142,O92972,2163-2341
DP01142,O92972,2314-2340
DP01142,O92972,2163-2312
DP01142,O92972,2267-2292
DP01142,O92972,2172-2200
DP01142,O92972,2305-2341
DP01142,O92972,2314-2338
DP01142,O92972,2163-2341
DP01144,P08008,1-100
DP01144,P08008,1-100
DP01144,P08008,1-100
DP01144,P08008,1-100
DP01146,O34800,1-56
DP01146,O34800,1-56
DP01146,O34800,1-56
DP01146,O34800,1-56
DP01146,O34800,1-56
DP01146,O34800,9-52
DP01146,O34800,1-56
DP01146,O34800,1-56
DP01146,O34800,1-56
DP01146,O34800,13-53
DP01147,Q9I322,1-81
DP01147,Q9I322,1-81
DP01147,Q9I322,1-81
DP01147,Q9I322,1-81
DP01147,Q9I322,1-81
DP01147,Q9I322,1-81
DP01148,A0A068MVV3,1-65
DP01148,A0A068MVV3,1-65
DP01148,A0A068MVV3,1-65
DP01149,Q14457,1-150
DP01149,Q14457,1-150
DP01149,Q14457,1-150
DP01149,Q14457,1-150
DP01149,Q14457,1-150
DP01149,Q14457,1-150
DP01149,Q14457,1-150
DP01149,Q14457,105-130
DP01149,Q14457,98-132
DP01149,Q14457,105-130
DP01149,Q14457,105-130
DP01149,Q14457,105-130
DP01149,Q14457,105-130
DP01149,Q14457,105-130
DP01149,Q14457,105-130
DP01149,Q14457,105-130
DP01149,Q14457,141-156
DP01149,Q14457,104-131
DP01149,Q14457,104-131
DP01149,Q14457,104-131
DP01149,Q14457,105-130
DP01149,Q14457,105-130
DP01149,Q14457,1-135
DP01149,Q14457,105-130
DP01149,Q14457,105-130
DP01149,Q14457,1-135
DP01149,Q14457,105-130
DP01149,Q14457,105-130
DP01149,Q14457,96-102
DP01149,Q14457,76-105
DP01149,Q14457,50-78
DP01149,Q14457,105-130
DP01149,Q14457,96-101
DP01149,Q14457,97-100
DP01149,Q14457,97-100
DP01150,P03255,53-91
DP01150,P03255,1-91
DP01150,P03255,1-91
DP01150,P03255,1-139
DP01150,P03255,53-91
DP01150,P03255,27-91
DP01150,P03255,106-139
DP01150,P03255,106-139
DP01150,P03255,1-91
DP01150,P03255,53-91
DP01150,P03255,59-82
DP01150,P03255,53-91
DP01150,P03255,27-91
DP01151,P03259,1-266
DP01151,P03259,1-81
DP01151,P03259,13-27
DP01151,P03259,1-81
DP01152,Q9JK11,544-725
DP01152,Q9JK11,544-725
DP01152,Q9JK11,544-725
DP01152,Q9JK11,31-54
DP01153,P9WI73,1-75
DP01153,P9WI73,1-75
DP01154,P19594,22-64
DP01154,P19594,22-64
DP01155,O66858,1-60
DP01155,O66858,1-60
DP01155,O66858,1-60
DP01156,P07305,98-194
DP01156,P07305,98-194
DP01156,P07305,1-22
DP01156,P07305,1-22
DP01156,P07305,98-194
DP01156,P07305,98-194
DP01156,P07305,1-22
DP01156,P07305,1-22
DP01156,P07305,104-194
DP01156,P07305,101-194
DP01157,P04908,1-27
DP01157,P04908,1-27
DP01157,P04908,1-27
DP01157,P04908,98-130
DP01157,P04908,98-130
DP01157,P04908,98-130
DP01158,P06899,1-38
DP01159,A6NF83,1-97
DP01159,A6NF83,1-97
DP01159,A6NF83,1-97
DP01159,A6NF83,1-97
DP01159,A6NF83,1-97
DP01159,A6NF83,1-97
DP01160,P9WPI9,1-81
DP01160,P9WPI9,1-81
DP01161,Q9UMS4,169-194
DP01162,Q96SD1,480-575
DP01162,Q96SD1,485-499
DP01162,Q96SD1,486-499
DP01162,Q96SD1,486-499
DP01163,O14974,1-40
DP01164,Q13625,331-692
DP01164,Q13625,331-692
DP01164,Q13625,331-692
DP01164,Q13625,693-918
DP01164,Q13625,693-918
DP01164,Q13625,484-692
DP01164,Q13625,331-692
DP01164,Q13625,484-692
DP01164,Q13625,693-918
DP01164,Q13625,710-904
DP01164,Q13625,693-918
DP01164,Q13625,693-918
DP01164,Q13625,693-752
DP01164,Q13625,893-912
DP01164,Q13625,693-918
DP01164,Q13625,693-918
DP01165,Q9HAN9,109-146
DP01166,O30916,1-148
DP01166,O30916,29-168
DP01166,O30916,29-168
DP01166,O30916,29-168
DP01166,O30916,29-45
DP01166,O30916,171-181
DP01167,P02730,1-54
DP01168,F9UST4,126-147
DP01169,P24255,1-105
DP01169,P24255,1-105
DP01169,P24255,1-105
DP01170,O00268,408-838
DP01170,O00268,408-838
DP01170,O00268,408-838
DP01170,O00268,408-838
DP01170,O00268,408-838
DP01171,P42768,201-268
DP01171,P42768,201-268
DP01171,P42768,201-268
DP01171,P42768,201-268
DP01172,O43516,2-101
DP01172,O43516,2-101
DP01172,O43516,2-101
DP01172,O43516,2-65
DP01172,O43516,2-101
DP01172,O43516,407-503
DP01172,O43516,407-503
DP01172,O43516,407-503
DP01172,O43516,407-503
DP01172,O43516,407-503
DP01172,O43516,407-503
DP01173,Q15726,20-138
DP01173,Q15726,20-138
DP01173,Q15726,20-138
DP01173,Q15726,20-138
DP01173,Q15726,20-138
DP01173,Q15726,20-138
DP01173,Q15726,20-138
DP01173,Q15726,20-138
DP01173,Q15726,20-138
DP01174,O43474,1-130
DP01175,P28235,233-333
DP01175,P28235,233-333
DP01175,P28235,233-333
DP01176,P08033,217-283
DP01176,P08033,217-283
DP01176,P08033,217-283
DP01177,P0AE98,19-49
DP01178,Q14978,1-699
DP01178,Q14978,1-699
DP01178,Q14978,1-699
DP01178,Q14978,1-699
DP01178,Q14978,1-699
DP01178,Q14978,1-699
DP01178,Q14978,1-699
DP01180,Q8RY59,468-509
DP01180,Q8RY59,568-589
DP01180,Q8RY59,500-511
DP01180,Q8RY59,573-589
DP01181,P56621,2-30
DP01181,P56621,2-30
DP01181,P56621,2-30
DP01181,P56621,2-30
DP01182,P22216,165-190
DP01182,P22216,1-14
DP01182,P22216,170-190
DP01182,P22216,344-356
DP01182,P22216,347-357
DP01182,P22216,352-357
DP01182,P22216,368-382
DP01182,P22216,497-512
DP01183,Q9R224,1-128
DP01184,O96013,9-68
DP01184,O96013,9-68
DP01184,O96013,9-68
DP01185,P46669,95-111
DP01185,P46669,95-111
DP01185,P46669,95-111
DP01186,P03086,14-23
DP01186,P03086,40-71
DP01186,P03086,19-23
DP01186,P03086,19-23
DP01187,P34087,57-68
DP01187,P34087,57-68
DP01187,P34087,57-68
DP01189,P53874,1-359
DP01189,P53874,730-792
DP01189,P53874,2-27
DP01189,P53874,109-145
DP01189,P53874,167-208
DP01189,P53874,171-208
DP01189,P53874,109-141
DP01189,P53874,2-27
DP01189,P53874,109-141
DP01190,Q9WUP7-2,151-160
DP01191,O14140,1-54
DP01191,O14140,1-54
DP01191,O14140,1-54
DP01191,O14140,1-54
DP01191,O14140,1-54
DP01191,O14140,1-54
DP01191,O14140,1-54
DP01191,O14140,1-54
DP01192,P55036,246-256
DP01192,P55036,246-256
DP01192,P55036,305-377
DP01192,P55036,332-341
DP01192,P55036,328-361
DP01192,P55036,328-361
DP01192,P55036,350-361
DP01192,P55036,305-377
DP01192,P55036,305-377
DP01192,P55036,305-377
DP01192,P55036,305-377
DP01192,P55036,305-377
DP01192,P55036,305-377
DP01192,P55036,305-377
DP01195,P39007,299-351
DP01195,P39007,299-351
DP01195,P39007,299-351
DP01196,P48439,23-215
DP01196,P48439,23-215
DP01196,P48439,23-215
DP01196,P48439,23-215
DP01199,B9KDD4,281-327
DP01199,B9KDD4,281-327
DP01199,B9KDD4,281-327
DP01200,O29867,336-373
DP01201,Q47184,1-30
DP01201,Q47184,1-30
DP01201,Q47184,1-30
DP01201,Q47184,1-30
DP01201,Q47184,1-30
DP01201,Q47184,1-30
DP01201,Q47184,60-147
DP01201,Q47184,60-147
DP01201,Q47184,60-147
DP01201,Q47184,60-147
DP01201,Q47184,60-147
DP01201,Q47184,60-147
DP01202,O55000,309-433
DP01202,O55000,309-433
DP01202,O55000,309-433
DP01203,O75807,513-631
DP01203,O75807,513-631
DP01205,P02263,1-13
DP01205,P02263,120-129
DP01206,Q15797,217-267
DP01206,Q15797,217-267
DP01224,O43312,739-753
DP01224,O43312,739-753
DP01228,Q9UMZ1,1-101
DP01228,Q9UMZ1,1-101
DP01228,Q9UMZ1,1-101
DP01228,Q9UMZ1,1-101
DP01228,Q9UMZ1,1-101
DP01228,Q9UMZ1,1-101
DP01228,Q9UMZ1,1-101
DP01228,Q9UMZ1,1-101
DP01228,Q9UMZ1,1-101
DP01228,Q9UMZ1,1-101
DP01228,Q9UMZ1,1-101
DP01236,P55735,305-316
DP01236,P55735,1-14
DP01237,P36100,195-482
DP01239,P20591,438-447
DP01239,P20591,532-572
DP01240,Q9UJX2,1-25
DP01240,Q9UJX2,558-597
DP01241,P19634,680-815
DP01241,P19634,686-815
DP01241,P19634,686-815
DP01241,P19634,786-795
DP01241,P19634,786-795
DP01241,P19634,786-795
DP01241,P19634,686-815
DP01241,P19634,786-795
DP01241,P19634,786-795
DP01241,P19634,786-795
DP01241,P19634,680-815
DP01241,P19634,745-766
DP01241,P19634,745-766
DP01243,P25638,92-111
DP01243,P25638,93-111
DP01243,P25638,93-111
DP01243,P25638,93-111
DP01244,O76074,128-145
DP01244,O76074,395-406
DP01244,O76074,840-850
DP01245,P12823,1-20
DP01245,P12823,1-20
DP01245,P12823,1-21
DP01245,P12823,1-13
DP01245,P12823,14-23
DP01245,P12823,2756-2784
DP01245,P12823,1489-1660
DP01245,P12823,1489-1660
DP01245,P12823,1489-1660
DP01245,P12823,1489-1660
DP01245,P12823,1393-1445
DP01245,P12823,1393-1445
DP01245,P12823,1393-1445
DP01245,P12823,1393-1445
DP01245,P12823,1489-1660
DP01246,O13916,25-80
DP01248,O95292,1-125
DP01248,O95292,1-125
DP01248,O95292,125-150
DP01248,O95292,125-150
DP01249,P61073,1-26
DP01249,P61073,1-24
DP01249,P61073,304-319
DP01249,P61073,1-27
DP01249,P61073,1-34
DP01249,P61073,313-325
DP01250,P02283,2-27
DP01252,P01137,240-261
DP01252,P01137,257-260
DP01252,P01137,257-260
DP01253,P05386,63-114
DP01253,P05386,63-114
DP01254,P12956,533-609
DP01255,P13010,546-565
DP01256,Q32ZE1,1450-1470
DP01256,Q32ZE1,1499-1516
DP01256,Q32ZE1,1499-1515
DP01256,Q32ZE1,1444-1455
DP01256,Q32ZE1,1444-1455
DP01256,Q32ZE1,1444-1455
DP01256,Q32ZE1,1499-1512
DP01256,Q32ZE1,2822-2836
DP01256,Q32ZE1,2857-2879
DP01256,Q32ZE1,2971-2986
DP01256,Q32ZE1,3093-3121
DP01256,Q32ZE1,2116-2163
DP01256,Q32ZE1,2116-2163
DP01256,Q32ZE1,2116-2163
DP01256,Q32ZE1,1441-1468
DP01256,Q32ZE1,1416-1468
DP01256,Q32ZE1,1416-1440
DP01259,P41208,1-22
DP01261,P53905,1-26
DP01261,P53905,105-115
DP01262,P49848,1-216
DP01262,P49848,437-677
DP01268,Q9H816,314-335
DP01269,Q8NG31,176-200
DP01269,Q8NG31,217-226
DP01269,Q8NG31,234-252
DP01269,Q8NG31,237-251
DP01269,Q8NG31,234-252
DP01269,Q8NG31,234-252
DP01269,Q8NG31,234-252
DP01271,Q15691,256-268
DP01271,Q15691,252-268
DP01271,Q15691,250-257
DP01272,Q03132,908-922
DP01272,Q03132,2641-2653
DP01277,Q6VMQ6,938-964
DP01278,Q68DK7,558-568
DP01279,Q8N5Y2,226-246
DP01279,Q8N5Y2,508-518
DP01280,P05067,672-711
DP01280,P05067,672-711
DP01280,P05067,672-711
DP01280,P05067,672-686
DP01280,P05067,672-711
DP01280,P05067,672-711
DP01280,P05067,672-711
DP01280,P05067,672-711
DP01281,Q9JM54,16-42
DP01281,Q9JM54,16-42
DP01281,Q9JM54,16-42
DP01281,Q9JM54,73-93
DP01281,Q9JM54,73-93
DP01282,Q16576,90-110
DP01282,Q16576,409-425
DP01283,Q9Y3E7,184-199
DP01283,Q9Y3E7,184-199
DP01284,P24928,1773-1970
DP01284,P24928,1773-1970
DP01284,P24928,1773-1960
DP01285,Q97W59,18-139
DP01286,Q7Z094,36-46
DP01287,Q9VZU1,241-388
DP01287,Q9VZU1,241-388
DP01287,Q9VZU1,241-388
DP01288,O43313,362-823
DP01288,O43313,362-823
DP01289,Q9KMA5,1-36
DP01289,Q9KMA5,1-36
DP01289,Q9KMA5,1-36
DP01289,Q9KMA5,1-36
DP01289,Q9KMA5,3-33
DP01289,Q9KMA5,3-22
DP01289,Q9KMA5,1-36
DP01289,Q9KMA5,3-36
DP01289,Q9KMA5,3-36
DP01291,P0AE72,48-82
DP01291,P0AE72,51-82
DP01291,P0AE72,51-82
DP01291,P0AE72,48-76
DP01291,P0AE72,48-76
DP01291,P0AE72,51-82
DP01291,P0AE72,68-82
DP01291,P0AE72,68-82
DP01291,P0AE72,68-82
DP01291,P0AE72,50-82
DP01292,P49768,1-77
DP01292,P49768,262-378
DP01293,Q13542,1-120
DP01293,Q13542,1-120
DP01293,Q13542,18-62
DP01293,Q13542,18-62
DP01293,Q13542,18-62
DP01293,Q13542,1-120
DP01295,Q98XH7,6-14
DP01295,Q98XH7,2-16
DP01295,Q98XH7,6-14
DP01295,Q98XH7,6-14
DP01295,Q98XH7,2-16
DP01295,Q98XH7,2-16
DP01296,Q6BBK3,1-52
DP01296,Q6BBK3,1-52
DP01296,Q6BBK3,1-52
DP01299,Q96273,1-97
DP01299,Q96273,1-97
DP01300,Q9SLJ2,1-98
DP01303,O14519,1-60
DP01304,Q99LJ8,47-120
DP01304,Q99LJ8,47-120
DP01304,Q99LJ8,47-120
DP01304,Q99LJ8,47-120
DP01304,Q99LJ8,47-120
DP01304,Q99LJ8,47-120
DP01305,P08392,258-286
DP01305,P08392,258-289
DP01305,P08392,258-287
DP01305,P08392,258-289
DP01306,Q03518,61-172
DP01308,O60828,82-265
DP01308,O60828,1-265
DP01308,O60828,1-265
DP01308,O60828,1-265
DP01308,O60828,1-265
DP01308,O60828,1-265
DP01308,O60828,223-265
DP01308,O60828,223-265
DP01308,O60828,223-265
DP01308,O60828,220-265
DP01308,O60828,238-260
DP01308,O60828,223-243
DP01308,O60828,238-260
DP01308,O60828,1-265
DP01308,O60828,1-265
DP01308,O60828,94-265
DP01308,O60828,94-265
DP01308,O60828,1-265
DP01308,O60828,193-265
DP01308,O60828,1-265
DP01309,P50750,87-98
DP01309,P50750,328-372
DP01309,P50750,328-338
DP01309,P50750,345-357
DP01309,P50750,259-273
DP01309,P50750,88-97
DP01309,P50750,330-372
DP01310,Q8WUP2,5-19
DP01310,Q8WUP2,5-19
DP01310,Q8WUP2,1-85
DP01311,Q6NUK1,50-78
DP01311,Q6NUK1,50-78
DP01311,Q6NUK1,99-109
DP01311,Q6NUK1,99-109
DP01311,Q6NUK1,159-170
DP01311,Q6NUK1,1-21
DP01311,Q6NUK1,177-193
DP01311,Q6NUK1,99-109
DP01311,Q6NUK1,159-170
DP01311,Q6NUK1,68-79
DP01312,Q9UMX1,279-360
DP01313,Q9N4U5,163-223
DP01313,Q9N4U5,163-223
DP01313,Q9N4U5,163-223
DP01315,Q9QWH1,1-79
DP01315,Q9QWH1,1-79
DP01316,P25916,106-240
DP01317,O60741,1-93
DP01319,Q15796,241-264
DP01319,Q15796,457-467
DP01319,Q15796,457-467
DP01319,Q15796,463-467
DP01319,Q15796,463-467
DP01319,Q15796,18-33
DP01319,Q15796,18-33
DP01319,Q15796,18-33
DP01320,P36152,234-348
DP01320,P36152,234-348
DP01322,Q01924,396-591
DP01322,Q01924,396-591
DP01323,Q8R316,242-255
DP01323,Q8R316,358-380
DP01323,Q8R316,366-376
DP01323,Q8R316,366-376
DP01323,Q8R316,366-376
DP01323,Q8R316,358-380
DP01324,Q9HCJ0,1385-1399
DP01324,Q9HCJ0,1380-1401
DP01324,Q9HCJ0,1384-1399
DP01324,Q9HCJ0,1384-1399
DP01324,Q9HCJ0,1384-1399
DP01324,Q9HCJ0,1384-1399
DP01324,Q9HCJ0,1384-1399
DP01325,O43236-6,248-274
DP01325,O43236-6,248-274
DP01325,O43236-6,248-274
DP01325,O43236-6,248-274
DP01326,Q9Y4P1,190-216
DP01326,Q9Y4P1,387-392
DP01326,Q9Y4P1,191-215
DP01326,Q9Y4P1,187-217
DP01326,Q9Y4P1,378-393
DP01326,Q9Y4P1,388-391
DP01326,Q9Y4P1,388-391
DP01326,Q9Y4P1,388-391
DP01326,Q9Y4P1,191-215
DP01327,Q8IV16,21-54
DP01327,Q8IV16,21-54
DP01327,Q8IV16,21-54
DP01327,Q8IV16,21-54
DP01328,Q9C0C7,527-541
DP01329,P28324,94-136
DP01329,P28324,94-136
DP01330,P32639,1-112
DP01330,P32639,193-257
DP01330,P32639,394-419
DP01332,P17931,20-100
DP01332,P17931,1-115
DP01332,P17931,20-100
DP01332,P17931,20-100
DP01332,P17931,1-40
DP01332,P17931,1-112
DP01332,P17931,1-112
DP01333,O00522,118-128
DP01334,B7T1D9,215-240
DP01334,B7T1D9,215-240
DP01335,O94907,250-260
DP01336,P03709,42-80
DP01336,P03709,42-80
DP01336,P03709,42-80
DP01337,Q96B02,136-145
DP01339,P0A903,26-98
DP01339,P0A903,1-100
DP01339,P0A903,214-227
DP01339,P0A903,214-227
DP01339,P0A903,26-98
DP01339,P0A903,26-98
DP01339,P0A903,26-98
DP01342,P52564,1-43
DP01344,Q13469,131-294
DP01344,Q13469,131-294
DP01344,Q13469,131-294
DP01344,Q13469,131-294
DP01347,Q9UNL4,119-188
DP01351,P12302,171-188
DP01351,P12302,82-92
DP01351,P12302,171-188
DP01351,P12302,82-96
DP01351,P12302,117-188
DP01351,P12302,117-188
DP01351,P12302,1-95
DP01355,P46014,299-313
DP01356,Q49492,116-144
DP01356,Q49492,116-144
DP01356,Q49492,116-144
DP01361,P15927,1-42
DP01361,P15927,175-270
DP01364,P62826,33-44
DP01364,P62826,123-144
DP01364,P62826,170-198
DP01366,Q24139,227-237
DP01366,Q24139,227-237
DP01368,Q8WXE9,301-340
DP01368,Q8WXE9,301-340
DP01368,Q8WXE9,301-331
DP01377,J7M799,1-237
DP01378,P0CU43,1-224
DP01378,P0CU43,1-224
DP01378,P0CU43,3-222
DP01379,P0CU44,1-224
DP01379,P0CU44,1-224
DP01379,P0CU44,1-224
DP01380,P0CU45,1-227
DP01380,P0CU45,1-227
DP01380,P0CU45,3-227
DP01381,P0CU46,1-237
DP01381,P0CU46,1-237
DP01381,P0CU46,1-237
DP01382,P0CU47,1-414
DP01382,P0CU47,1-414
DP01383,P0CU51,1-229
DP01383,P0CU51,1-229
DP01383,P0CU51,1-229
DP01384,P0CU50,1-94
DP01384,P0CU50,195-227
DP01384,P0CU50,1-227
DP01384,P0CU50,1-227
DP01385,P0CU48,1-227
DP01385,P0CU48,1-227
DP01385,P0CU48,1-227
DP01386,P0CU49,1-238
DP01386,P0CU49,1-238
DP01386,P0CU49,1-238
DP01388,P0CU52,1-227
DP01388,P0CU52,1-227
DP01388,P0CU52,1-227
DP01389,P84233,1-35
DP01390,P62799,1-21
DP01391,P03520,1-60
DP01391,P03520,1-60
DP01391,P03520,1-60
DP01391,P03520,1-60
DP01391,P03520,6-33
DP01391,P03520,6-33
DP01391,P03520,6-33
DP01391,P03520,1-60
DP01392,P53330,35-53
DP01392,P53330,36-53
DP01392,P53330,91-157
DP01392,P53330,91-157
DP01396,P01130,163-175
DP01396,P01130,163-175
DP01396,P01130,163-175
DP01396,P01130,354-393
DP01397,Q9Z0P7,279-359
DP01398,G0SCY6,1-25
DP01398,G0SCY6,1-25
DP01398,G0SCY6,43-56
DP01399,G0S4M4,573-637
DP01400,P45985,49-62
DP01400,P45985,49-62
DP01400,P45985,1-86
DP01400,P45985,12-86
DP01400,P45985,12-86
DP01400,P45985,38-49
DP01400,P45985,12-86
DP01401,P47093,68-109
DP01402,Q06406,1-10
DP01404,Q92913,213-237
DP01405,Q5V913,1-70
DP01405,Q5V913,1-70
DP01405,Q5V913,1-70
DP01405,Q5V913,1-70
DP01405,Q5V913,1-70
DP01405,Q5V913,1-70
DP01405,Q5V913,1-70
DP01405,Q5V913,1-70
DP01405,Q5V913,1-70
DP01407,O61667,93-106
DP01420,Q16543,1-25
DP01420,Q16543,112-126
DP01420,Q16543,343-378
DP01424,Q2KIG3,1-117
DP01425,Q15004,1-111
DP01425,Q15004,1-111
DP01425,Q15004,1-111
DP01425,Q15004,1-111
DP01425,Q15004,62-69
DP01425,Q15004,50-77
DP01425,Q15004,1-31
DP01425,Q15004,51-71
DP01425,Q15004,1-31
DP01425,Q15004,50-77
DP01425,Q15004,50-77
DP01425,Q15004,1-31
DP01425,Q15004,50-77
DP01425,Q15004,1-111
DP01426,P06400,84-93
DP01426,P06400,590-635
DP01426,P06400,590-635
DP01426,P06400,500-513
DP01426,P06400,346-370
DP01426,P06400,346-370
DP01426,P06400,346-370
DP01426,P06400,346-370
DP01426,P06400,346-370
DP01426,P06400,346-370
DP01426,P06400,355-370
DP01426,P06400,245-269
DP01426,P06400,500-511
DP01426,P06400,577-615
DP01426,P06400,577-615
DP01426,P06400,577-615
DP01426,P06400,578-589
DP01426,P06400,786-928
DP01426,P06400,786-928
DP01426,P06400,829-873
DP01426,P06400,829-873
DP01426,P06400,829-873
DP01427,Q01094,200-301
DP01427,Q01094,200-301
DP01427,Q01094,200-301
DP01427,Q01094,200-301
DP01429,Q09427,928-1000
DP01429,Q09427,1319-1343
DP01429,Q09427,747-770
DP01429,Q09427,928-1000
DP01429,Q09427,1319-1343
DP01430,Q03071,77-99
DP01431,C6ZFX3,1-94
DP01431,C6ZFX3,1-94
DP01431,C6ZFX3,1-94
DP01432,E1UJ20,2-109
DP01432,E1UJ20,2-109
DP01432,E1UJ20,2-109
DP01432,E1UJ20,2-109
DP01433,P04052,1657-1739
DP01434,P31431,171-198
DP01435,O60829,1-102
DP01435,O60829,1-102
DP01435,O60829,1-102
DP01435,O60829,1-102
DP01435,O60829,1-102
DP01435,O60829,40-70
DP01435,O60829,49-53
DP01435,O60829,7-11
DP01435,O60829,7-11
DP01435,O60829,49-53
DP01435,O60829,69-73
DP01436,P54936,423-487
DP01436,P54936,423-487
DP01436,P54936,423-487
DP01437,P90976,115-180
DP01437,P90976,115-180
DP01437,P90976,115-180
DP01438,O14936,335-401
DP01438,O14936,394-460
DP01438,O14936,394-460
DP01438,O14936,304-337
DP01438,O14936,307-337
DP01438,O14936,317-345
DP01438,O14936,305-337
DP01439,A5F384,101-110
DP01439,A5F384,101-109
DP01439,A5F384,101-110
DP01440,P44228,12-28
DP01440,P44228,12-28
DP01440,P44228,54-84
DP01440,P44228,54-84
DP01441,P14921,276-318
DP01441,P14921,276-318
DP01442,Q2Q4X9,1-260
DP01442,Q2Q4X9,1-260
DP01442,Q2Q4X9,1-260
DP01442,Q2Q4X9,1-260
DP01442,Q2Q4X9,1-260
DP01442,Q2Q4X9,1-260
DP01442,Q2Q4X9,1-260
DP01442,Q2Q4X9,1-260
DP01443,Q9UJX4,1-26
DP01443,Q9UJX4,1-24
DP01443,Q9UJX4,168-205
DP01443,Q9UJX4,170-205
DP01443,Q9UJX4,353-413
DP01445,P30260,171-450
DP01445,P30260,767-824
DP01445,P30260,180-447
DP01445,P30260,769-824
DP01446,Q9Y239,111-138
DP01447,P30281,255-292
DP01447,P30281,1-22
DP01447,P30281,281-285
DP01448,P10923,17-294
DP01448,P10923,17-294
DP01449,Q15637,1-25
DP01449,Q15637,1-25
DP01449,Q15637,69-95
DP01449,Q15637,69-95
DP01450,Q9UKT4,1-318
DP01450,Q9UKT4,332-355
DP01450,Q9UKT4,437-447
DP01450,Q9UKT4,305-374
DP01450,Q9UKT4,421-447
DP01450,Q9UKT4,421-447
DP01450,Q9UKT4,305-374
DP01450,Q9UKT4,321-330
DP01450,Q9UKT4,321-330
DP01450,Q9UKT4,421-447
DP01450,Q9UKT4,421-447
DP01450,Q9UKT4,338-359
DP01450,Q9UKT4,338-359
DP01450,Q9UKT4,338-359
DP01451,Q9UBU9,102-118
DP01451,Q9UBU9,96-117
DP01452,Q13042,96-126
DP01452,Q13042,96-123
DP01452,Q13042,528-620
DP01452,Q13042,94-126
DP01452,Q13042,528-620
DP01452,Q13042,534-620
DP01453,Q8NHZ8,26-85
DP01454,P60006,57-121
DP01455,Q96DE5,1-51
DP01456,Q01081,38-152
DP01456,Q01081,38-152
DP01456,Q01081,38-152
DP01457,Q92973,319-371
DP01458,Q9Y3B4,100-125
DP01458,Q9Y3B4,1-20
DP01459,P41352,427-443
DP01460,P41351,431-449
DP01461,Q13188,314-427
DP01461,Q13188,314-427
DP01461,Q13188,365-367
DP01461,Q13188,365-367
DP01461,Q13188,365-367
DP01461,Q13188,365-367
DP01461,Q13188,365-367
DP01463,Q9UHB7,22-32
DP01463,Q9UHB7,2-73
DP01463,Q9UHB7,1-300
DP01463,Q9UHB7,300-600
DP01463,Q9UHB7,600-900
DP01463,Q9UHB7,5-23
DP01463,Q9UHB7,36-69
DP01464,P28229,265-332
DP01464,P28229,265-332
DP01464,P28229,265-332
DP01464,P28229,362-396
DP01464,P28229,362-396
DP01465,Q8IW19,399-420
DP01465,Q8IW19,399-420
DP01465,Q8IW19,450-511
DP01465,Q8IW19,450-511
DP01465,Q8IW19,450-511
DP01466,A4L7I2,1658-1856
DP01466,A4L7I2,1658-1856
DP01466,A4L7I2,1658-1856
DP01466,A4L7I2,1658-1856
DP01466,A4L7I2,1761-1856
DP01466,A4L7I2,1658-1856
DP01466,A4L7I2,1758-1775
DP01466,A4L7I2,1727-1741
DP01467,Q9SP32,1732-1811
DP01467,Q9SP32,1732-1811
DP01467,Q9SP32,1732-1811
DP01467,Q9SP32,1732-1811
DP01467,Q9SP32,1732-1811
DP01467,Q9SP32,1732-1811
DP01467,Q9SP32,1-249
DP01467,Q9SP32,494-525
DP01467,Q9SP32,595-650
DP01467,Q9SP32,921-974
DP01467,Q9SP32,921-974
DP01467,Q9SP32,985-1006
DP01467,Q9SP32,1070-1100
DP01467,Q9SP32,1114-1198
DP01467,Q9SP32,1114-1198
DP01467,Q9SP32,1283-1299
DP01467,Q9SP32,1431-1494
DP01467,Q9SP32,1532-1557
DP01467,Q9SP32,1532-1557
DP01467,Q9SP32,1670-1688
DP01467,Q9SP32,1795-1909
DP01467,Q9SP32,1732-1909
DP01467,Q9SP32,1732-1811
DP01467,Q9SP32,1826-1909
DP01467,Q9SP32,1732-1811
DP01467,Q9SP32,1732-1811
DP01467,Q9SP32,1732-1811
DP01468,A3RMR8,1658-1856
DP01468,A3RMR8,1761-1856
DP01468,A3RMR8,1658-1856
DP01468,A3RMR8,1658-1856
DP01468,A3RMR8,1658-1856
DP01469,A4L7I4,1658-1856
DP01469,A4L7I4,1761-1856
DP01469,A4L7I4,1658-1856
DP01469,A4L7I4,1658-1856
DP01469,A4L7I4,1658-1856
DP01471,P36118,1-322
DP01471,P36118,1-322
DP01471,P36118,1-322
DP01471,P36118,1-322
DP01472,Q6GX35,726-825
DP01472,Q6GX35,726-825
DP01472,Q6GX35,726-825
DP01472,Q6GX35,726-825
DP01473,Q96GU1,20-130
DP01474,P06748,189-259
DP01474,P06748,120-130
DP01474,P06748,119-243
DP01474,P06748,120-243
DP01474,P06748,120-188
DP01474,P06748,120-188
DP01474,P06748,189-243
DP01474,P06748,197-201
DP01474,P06748,217-221
DP01474,P06748,233-237
DP01475,P55980,877-1186
DP01475,P55980,893-1001
DP01475,P55980,893-1001
DP01475,P55980,893-1001
DP01475,P55980,893-1001
DP01475,P55980,1-23
DP01475,P55980,222-302
DP01475,P55980,479-488
DP01475,P55980,510-536
DP01475,P55980,824-876
DP01475,P55980,222-302
DP01475,P55980,510-536
DP01475,P55980,877-1186
DP01475,P55980,877-1186
DP01475,P55980,998-1038
DP01475,P55980,998-1038
DP01475,P55980,877-1186
DP01475,P55980,877-1186
DP01476,Q02413,774-1049
DP01476,Q02413,774-1049
DP01476,Q02413,774-1049
DP01476,Q02413,774-1049
DP01478,Q9UJX5,304-317
DP01478,Q9UJX5,431-444
DP01478,Q9UJX5,458-472
DP01478,Q9UJX5,458-469
DP01478,Q9UJX5,758-808
DP01478,Q9UJX5,480-521
DP01478,Q9UJX5,758-808
DP01479,Q9UJX3,1-35
DP01479,Q9UJX3,111-131
DP01479,Q9UJX3,111-130
DP01479,Q9UJX3,541-599
DP01480,Q96FI4,312-389
DP01480,Q96FI4,312-389
DP01481,Q5UPT2,1-94
DP01481,Q5UPT2,1-94
DP01481,Q5UPT2,1-94
DP01481,Q5UPT2,1-94
DP01482,O13828,553-741
DP01482,O13828,553-741
DP01482,O13828,553-741
DP01482,O13828,246-266
DP01484,P04626,988-1255
DP01484,P04626,988-1255
DP01484,P04626,988-1255
DP01484,P04626,988-1255
DP01485,P40161,43-67
DP01485,P40161,43-67
DP01486,P11912,166-226
DP01487,P40259,181-229
DP01488,P69346,1-83
DP01488,P69346,1-83
DP01488,P69346,1-83
DP01488,P69346,11-23
DP01488,P69346,56-83
DP01488,P69346,1-83
DP01488,P69346,1-83
DP01488,P69346,1-55
DP01488,P69346,1-83
DP01489,Q9UBK2,2-220
DP01489,Q9UBK2,2-220
DP01489,Q9UBK2,2-220
DP01489,Q9UBK2,2-220
DP01489,Q9UBK2,2-220
DP01489,Q9UBK2,2-220
DP01489,Q9UBK2,2-220
DP01489,Q9UBK2,2-220
DP01490,Q9NR61,553-685
DP01490,Q9NR61,553-685
DP01490,Q9NR61,553-685
DP01490,Q9NR61,553-685
DP01491,P22059,346-379
DP01491,P22059,346-379
DP01491,P22059,346-379
DP01492,Q01097,1259-1482
DP01492,Q01097,1259-1482
DP01492,Q01097,1259-1482
DP01492,Q01097,1259-1482
DP01492,Q01097,1334-1338
DP01492,Q01097,1470-1474
DP01493,P09429,188-214
DP01493,P09429,188-214
DP01493,P09429,188-214
DP01493,P09429,188-214
DP01493,P09429,188-214
DP01493,P09429,166-214
DP01493,P09429,188-214
DP01493,P09429,188-214
DP01494,Q9VMA3,340-361
DP01494,Q9VMA3,340-361
DP01495,P08510,513-655
DP01495,P08510,513-655
DP01495,P08510,513-655
DP01495,P08510,513-655
DP01495,P08510,513-655
DP01495,P08510,513-655
DP01496,P0AFG0,117-131
DP01496,P0AFG0,117-131
DP01496,P0AFG0,45-65
DP01497,Q9NK80,750-956
DP01497,Q9NK80,750-956
DP01497,Q9NK80,750-956
DP01498,O70480,47-117
DP01498,O70480,47-117
DP01498,O70480,47-117
DP01499,Q9JI51,115-192
DP01499,Q9JI51,115-192
DP01499,Q9JI51,115-192
DP01500,Q5R6Q2,169-232
DP01500,Q5R6Q2,169-232
DP01500,Q5R6Q2,169-232
DP01501,G3V7P1,182-250
DP01501,G3V7P1,182-250
DP01501,G3V7P1,182-250
DP01502,P33328,1-91
DP01502,P33328,1-91
DP01502,P33328,1-91
DP01502,P33328,1-91
DP01503,P32867,192-265
DP01503,P32867,192-265
DP01503,P32867,192-265
DP01504,P39926,196-269
DP01506,P08263,208-222
DP01506,P08263,208-222
DP01506,P08263,208-222
DP01507,Q9UQC2,504-524
DP01507,Q9UQC2,504-524
DP01508,Q15418,683-735
DP01508,Q15418,683-735
DP01508,Q15418,683-735
DP01508,Q15418,683-735
DP01508,Q15418,712-727
DP01508,Q15418,712-727
DP01508,Q15418,696-735
DP01508,Q15418,696-735
DP01508,Q15418,696-735
DP01509,P9WIP5,56-71
DP01509,P9WIP5,1-12
DP01510,O25010,1-30
DP01510,O25010,1-30
DP01511,P32917,149-238
DP01511,P32917,149-238
DP01511,P32917,149-238
DP01511,P32917,149-238
DP01512,P03050,1-53
DP01512,P03050,1-53
DP01512,P03050,1-53
DP01512,P03050,1-53
DP01513,P53378,439-473
DP01513,P53378,439-473
DP01515,P25344,187-249
DP01516,Q06810,194-333
DP01516,Q06810,267-345
DP01516,Q06810,325-339
DP01516,Q06810,325-339
DP01516,Q06810,325-339
DP01517,Q06710,64-86
DP01517,Q06710,64-86
DP01517,Q06710,135-146
DP01517,Q06710,1-28
DP01520,Q02297-10,1-75
DP01520,Q02297-10,1-75
DP01520,Q02297-10,1-75
DP01520,Q02297-10,1-75
DP01521,Q5RJL0,1-282
DP01521,Q5RJL0,1-282
DP01521,Q5RJL0,1-282
DP01521,Q5RJL0,1-282
DP01521,Q5RJL0,1-282
DP01524,Q9UM11,1-41
DP01524,Q9UM11,68-87
DP01524,Q9UM11,109-124
DP01524,Q9UM11,133-145
DP01526,Q9UJX6,1-14
DP01526,Q9UJX6,30-52
DP01526,Q9UJX6,221-231
DP01526,Q9UJX6,459-475
DP01526,Q9UJX6,305-319
DP01526,Q9UJX6,731-822
DP01527,Q57904,46-101
DP01527,Q57904,46-101
DP01528,P15273,20-50
DP01528,P15273,21-35
DP01531,O75554,276-376
DP01531,O75554,276-376
DP01533,Q9NS23-4,1-50
DP01533,Q9NS23-4,61-72
DP01533,Q9NS23-4,61-72
DP01533,Q9NS23-4,61-72
DP01534,Q07889,1141-1300
DP01534,Q07889,1141-1300
DP01534,Q07889,1141-1300
DP01534,Q07889,1117-1319
DP01534,Q07889,1117-1319
DP01535,B6KJB6,337-542
DP01535,B6KJB6,337-542
DP01535,B6KJB6,337-542
DP01537,O00429-3,505-515
DP01537,O00429-3,503-610
DP01537,O00429-3,74-83
DP01537,O00429-3,503-610
DP01538,P04147,419-502
DP01538,P04147,419-502
DP01538,P04147,419-502
DP01538,P04147,1-577
DP01539,O57173,1-50
DP01541,Q9DBZ9,1-267
DP01541,Q9DBZ9,1-267
DP01541,Q9DBZ9,1-267
DP01542,P06401,1-545
DP01542,P06401,1-566
DP01542,P06401,632-641
DP01542,P06401,165-545
DP01542,P06401,165-545
DP01542,P06401,165-545
DP01542,P06401,165-545
DP01542,P06401,350-428
DP01542,P06401,165-535
DP01542,P06401,165-545
DP01542,P06401,1-545
DP01542,P06401,1-545
DP01542,P06401,165-559
DP01542,P06401,632-682
DP01542,P06401,1-545
DP01542,P06401,165-545
DP01542,P06401,165-545
DP01542,P06401,350-428
DP01542,P06401,350-428
DP01542,P06401,636-654
DP01542,P06401,637-641
DP01542,P06401,188-192
DP01542,P06401,398-402
DP01542,P06401,292-296
DP01542,P06401,342-347
DP01542,P06401,637-641
DP01542,P06401,637-641
DP01542,P06401,637-641
DP01543,P84634,735-752
DP01544,Q8WV28,5-50
DP01544,Q8WV28,5-50
DP01544,Q8WV28,1-330
DP01544,Q8WV28,1-40
DP01544,Q8WV28,1-40
DP01545,M5BF30,568-589
DP01546,P84051,1-11
DP01547,P29274,293-412
DP01547,P29274,293-412
DP01547,P29274,293-412
DP01547,P29274,293-412
DP01547,P29274,293-412
DP01547,P29274,293-412
DP01547,P29274,291-311
DP01547,P29274,293-320
DP01547,P29274,293-320
DP01547,P29274,293-412
DP01547,P29274,293-320
DP01547,P29274,317-412
DP01547,P29274,354-359
DP01547,P29274,293-412
DP01548,Q8CJF7,1018-2243
DP01549,Q8WYP5,1018-2266
DP01550,J7FTI7,93-162
DP01550,J7FTI7,93-162
DP01550,J7FTI7,93-162
DP01551,Q99523,97-108
DP01552,P33763,38-52
DP01553,D6PZY5,86-156
DP01553,D6PZY5,86-156
DP01554,P23443,422-525
DP01554,P23443,422-525
DP01554,P23443,422-525
DP01554,P23443,422-525
DP01554,P23443,422-525
DP01555,Q9EPU7,4-91
DP01555,Q9EPU7,4-91
DP01555,Q9EPU7,4-91
DP01555,Q9EPU7,4-91
DP01555,Q9EPU7,4-91
DP01556,Q96GC6,4-77
DP01556,Q96GC6,4-77
DP01556,Q96GC6,4-77
DP01556,Q96GC6,4-246
DP01557,P27682,25-210
DP01557,P27682,25-210
DP01557,P27682,25-210
DP01558,Q9XTY3,17-211
DP01558,Q9XTY3,17-211
DP01559,Q04964,1-104
DP01559,Q04964,1-104
DP01560,Q9UMR2,55-91
DP01560,Q9UMR2,55-91
DP01560,Q9UMR2,55-91
DP01560,Q9UMR2,55-91
DP01561,P08235,1-169
DP01561,P08235,1-169
DP01561,P08235,247-385
DP01561,P08235,247-385
DP01561,P08235,1-602
DP01561,P08235,1-602
DP01561,P08235,1-602
DP01561,P08235,1-169
DP01561,P08235,450-602
DP01561,P08235,247-385
DP01561,P08235,1-169
DP01561,P08235,450-602
DP01561,P08235,465-471
DP01562,Q9Z1X4,55-86
DP01562,Q9Z1X4,341-353
DP01562,Q9Z1X4,468-518
DP01563,Q9CXY6,362-390
DP01564,Q12905,362-390
DP01565,Q9GSG7,1-112
DP01565,Q9GSG7,1-112
DP01565,Q9GSG7,1-112
DP01565,Q9GSG7,1-112
DP01567,B9UCQ5,1-58
DP01569,P34021-2,2-226
DP01569,P34021-2,2-226
DP01569,P34021-2,2-226
DP01570,P12931,1-84
DP01570,P12931,1-84
DP01571,Q88QP8,40-62
DP01572,P0C0Y1,1-11
DP01574,C6KSX0,84-116
DP01574,C6KSX0,143-157
DP01578,P41969,309-429
DP01578,P41969,335-339
DP01578,P41969,367-371
DP01578,P41969,382-386
DP01578,P41969,362-366
DP01578,P41969,352-357
DP01578,P41969,388-392
DP01578,P41969,416-420
DP01578,P41969,421-425
DP01578,P41969,354-390
DP01578,P41969,335-339
DP01578,P41969,418-423
DP01578,P41969,418-423
DP01578,P41969,335-339
DP01578,P41969,335-339
DP01578,P41969,309-429
DP01579,P34233,420-500
DP01579,P34233,424-429
DP01579,P34233,420-500
DP01579,P34233,440-445
DP01579,P34233,450-455
DP01579,P34233,465-469
DP01579,P34233,488-492
DP01580,P06239,69-86
DP01580,P06239,69-86
DP01580,P06239,97-114
DP01580,P06239,97-114
DP01581,Q8NQJ3,1-40
DP01581,Q8NQJ3,1-40
DP01581,Q8NQJ3,1-40
DP01582,Q868N5,358-392
DP01582,Q868N5,358-392
DP01582,Q868N5,336-385
DP01582,Q868N5,336-385
DP01584,P19880,300-322
DP01584,P19880,300-322
DP01584,P19880,565-650
DP01584,P19880,565-650
DP01584,P19880,565-650
DP01588,P52799,253-300
DP01588,P52799,323-333
DP01588,P52799,301-322
DP01588,P52799,301-322
DP01588,P52799,301-322
DP01588,P52799,301-322
DP01589,P9WJA9,1-18
DP01589,P9WJA9,19-33
DP01589,P9WJA9,19-33
DP01589,P9WJA9,19-33
DP01589,P9WJA9,19-33
DP01589,P9WJA9,19-33
DP01589,P9WJA9,34-54
DP01589,P9WJA9,150-162
DP01590,Q92945,130-218
DP01590,Q92945,130-218
DP01590,Q92945,130-218
DP01590,Q92945,130-218
DP01590,Q92945,130-218
DP01591,P18212,170-186
DP01592,Q8VHC5,100-120
DP01593,P21374,97-235
DP01593,P21374,96-235
DP01594,Q80ZV0,103-145
DP01594,Q80ZV0,107-122
DP01594,Q80ZV0,182-202
DP01594,Q80ZV0,283-308
DP01594,Q80ZV0,182-266
DP01597,P52945,204-283
DP01598,Q9BRG1,133-145
DP01599,P47142,55-71
DP01599,P47142,56-70
DP01599,P47142,56-72
DP01600,Q93KQ4,51-81
DP01601,P26599,409-425
DP01601,P26599,431-454
DP01601,P26599,431-454
DP01601,P26599,143-184
DP01601,P26599,143-184
DP01602,Q86WV6,342-379
DP01602,Q86WV6,359-379
DP01602,Q86WV6,358-379
DP01602,Q86WV6,344-379
DP01602,Q86WV6,344-379
DP01602,Q86WV6,342-379
DP01602,Q86WV6,358-366
DP01603,Q96IZ0,59-77
DP01603,Q96IZ0,62-81
DP01603,Q96IZ0,62-81
DP01603,Q96IZ0,62-77
DP01603,Q96IZ0,62-77
DP01604,Q12483,1-22
DP01604,Q12483,1-22
DP01604,Q12483,1-19
DP01605,P19339,244-253
DP01605,P19339,201-211
DP01605,P19339,201-211
DP01605,P19339,158-167
DP01605,P19339,158-167
DP01605,P19339,244-253
DP01605,P19339,111-123
DP01606,Q06208,152-186
DP01606,Q06208,49-60
DP01607,P29539,1773-1856
DP01608,Q9Y6H6,1-10
DP01608,Q9Y6H6,31-56
DP01610,P47910,69-101
DP01611,Q06696,203-395
DP01611,Q06696,1-395
DP01611,Q06696,1-395
DP01611,Q06696,203-395
DP01611,Q06696,177-205
DP01611,Q06696,177-205
DP01612,O88597,124-150
DP01613,Q96AC1,328-367
DP01613,Q96AC1,350-357
DP01613,Q96AC1,1-15
DP01613,Q96AC1,95-105
DP01613,Q96AC1,350-357
DP01614,Q14653,173-188
DP01615,P03126,1-10
DP01615,P03126,148-158
DP01615,P03126,148-158
DP01615,P03126,148-158
DP01615,P03126,148-158
DP01615,P03126,148-158
DP01615,P03126,148-158
DP01615,P03126,148-158
DP01615,P03126,148-158
DP01615,P03126,1-10
DP01618,P03070,17-26
DP01618,P03070,39-48
DP01618,P03070,39-48
DP01618,P03070,82-130
DP01618,P03070,68-87
DP01618,P03070,103-117
DP01618,P03070,103-117
DP01619,Q9NR28,56-69
DP01619,Q9NR28,56-67
DP01619,Q9NR28,56-70
DP01619,Q9NR28,56-70
DP01619,Q9NR28,56-65
DP01620,P20823,181-200
DP01620,P20823,181-200
DP01621,E5LC01,1065-1117
DP01621,E5LC01,1086-1104
DP01621,E5LC01,1086-1104
DP01621,E5LC01,640-880
DP01621,E5LC01,325-423
DP01621,E5LC01,586-625
DP01621,E5LC01,1086-1104
DP01622,Q06609,1-15
DP01622,Q06609,86-114
DP01622,Q06609,1-21
DP01623,Q03834,1-304
DP01623,Q03834,1-304
DP01624,Q06433,328-361
DP01624,Q06433,395-413
DP01625,P07567,546-605
DP01625,P07567,546-605
DP01626,Q01831,815-940
DP01626,Q01831,815-940
DP01626,Q01831,815-940
DP01626,Q01831,815-940
DP01626,Q01831,815-940
DP01626,Q01831,847-863
DP01626,Q01831,847-863
DP01626,Q01831,847-863
DP01627,P47480,150-166
DP01628,P14736,633-754
DP01628,P14736,1-100
DP01629,P32628,77-147
DP01629,P32628,77-147
DP01629,P32628,185-265
DP01629,P32628,185-265
DP01629,P32628,230-254
DP01629,P32628,311-355
DP01629,P32628,311-355
DP01629,P32628,310-346
DP01629,P32628,310-398
DP01629,P32628,347-395
DP01629,P32628,347-395
DP01629,P32628,310-346
DP01631,P07276,642-690
DP01631,P07276,664-678
DP01631,P07276,642-760
DP01631,P07276,642-690
DP01631,P07276,669-673
DP01631,P07276,642-690
DP01633,P29083,378-393
DP01633,P29083,378-393
DP01633,P29083,378-393
DP01635,A0A0H2ZP82,40-50
DP01637,Q8NI22,27-66
DP01637,Q8NI22,27-146
DP01637,Q8NI22,27-146
DP01637,Q8NI22,27-52
DP01637,Q8NI22,53-146
DP01637,Q8NI22,53-146
DP01637,Q8NI22,66-101
DP01637,Q8NI22,113-146
DP01637,Q8NI22,113-146
DP01637,Q8NI22,66-101
DP01637,Q8NI22,102-112
DP01638,P32776,64-85
DP01638,P32776,65-84
DP01638,P32776,66-84
DP01638,P32776,64-84
DP01638,P32776,64-84
DP01638,P32776,65-84
DP01638,P32776,64-85
DP01638,P32776,67-82
DP01638,P32776,122-166
DP01638,P32776,394-412
DP01638,P32776,447-461
DP01638,P32776,518-535
DP01639,P17778,1-33
DP01640,Q13351,51-90
DP01640,Q13351,51-90
DP01640,Q13351,1-40
DP01640,Q13351,1-90
DP01640,Q13351,23-36
DP01640,Q13351,23-36
DP01640,Q13351,23-36
DP01640,Q13351,27-31
DP01640,Q13351,27-31
DP01640,Q13351,27-31
DP01641,Q07955,196-215
DP01641,Q07955,107-120
DP01641,Q07955,196-248
DP01641,Q07955,196-248
DP01641,Q07955,204-219
DP01641,Q07955,242-247
DP01642,P06492,350-394
DP01642,P06492,403-490
DP01642,P06492,412-490
DP01642,P06492,412-490
DP01642,P06492,412-490
DP01642,P06492,412-490
DP01642,P06492,452-490
DP01642,P06492,452-490
DP01642,P06492,452-490
DP01642,P06492,452-490
DP01642,P06492,456-490
DP01642,P06492,456-490
DP01642,P06492,469-485
DP01642,P06492,469-485
DP01642,P06492,469-485
DP01642,P06492,469-485
DP01642,P06492,475-484
DP01642,P06492,475-484
DP01642,P06492,475-484
DP01642,P06492,412-456
DP01642,P06492,456-490
DP01642,P06492,456-490
DP01642,P06492,456-490
DP01642,P06492,412-456
DP01642,P06492,412-490
DP01642,P06492,412-490
DP01642,P06492,454-490
DP01642,P06492,412-490
DP01642,P06492,412-490
DP01642,P06492,350-394
DP01642,P06492,403-412
DP01643,O75506,1-10
DP01643,O75506,60-76
DP01643,O75506,60-76
DP01643,O75506,60-76
DP01643,O75506,60-76
DP01644,P09038,143-160
DP01645,P20239,463-484
DP01646,P35236,37-52
DP01646,P35236,37-52
DP01646,P35236,37-52
DP01647,P51449,479-518
DP01647,P51449,479-518
DP01647,P51449,500-518
DP01647,P51449,500-518
DP01648,P84022,1-10
DP01648,P84022,133-144
DP01649,P0C1H4,1-35
DP01650,P0A7K2,33-43
DP01650,P0A7K2,33-43
DP01651,Q96T88,165-181
DP01651,Q96T88,286-301
DP01651,Q96T88,286-301
DP01651,Q96T88,490-501
DP01651,Q96T88,490-501
DP01651,Q96T88,646-678
DP01651,Q96T88,646-678
DP01653,Q3E840,70-82
DP01654,P36578,46-63
DP01654,P36578,80-114
DP01654,P36578,301-320
DP01654,P36578,369-427
DP01657,Q5XJY5,166-232
DP01657,Q5XJY5,245-261
DP01658,Q09882,316-557
DP01658,Q09882,1-99
DP01658,Q09882,100-315
DP01658,Q09882,100-315
DP01658,Q09882,100-315
DP01658,Q09882,100-315
DP01659,P05434,1-23
DP01660,P12301,97-116
DP01660,P12301,84-119
DP01660,P12301,1-83
DP01661,P70444,41-81
DP01661,P70444,41-81
DP01662,P55957,1-12
DP01662,P55957,43-77
DP01662,P55957,76-106
DP01662,P55957,76-106
DP01662,P55957,76-106
DP01662,P55957,76-106
DP01663,P27177,25-134
DP01663,P27177,200-217
DP01663,P27177,200-217
DP01664,Q9I9C0,25-142
DP01665,Q5S1W7,1-69
DP01667,Q548Y4,426-490
DP01667,Q548Y4,426-490
DP01668,P12081,344-355
DP01668,P12081,1-52
DP01669,Q26680,1-25
DP01669,Q26680,206-218
DP01670,Q9I1X7,1-31
DP01671,P71590,1-32
DP01671,P71590,133-429
DP01675,O75928,466-479
DP01675,O75928,466-474
DP01676,O14686,4210-4280
DP01677,P06454,1-111
DP01677,P06454,1-111
DP01677,P06454,1-111
DP01677,P06454,1-111
DP01677,P06454,15-110
DP01677,P06454,15-110
DP01677,P06454,1-111
DP01677,P06454,1-111
DP01677,P06454,1-111
DP01677,P06454,1-111
DP01677,P06454,1-111
DP01677,P06454,1-111
DP01677,P06454,1-111
DP01677,P06454,1-111
DP01677,P06454,1-111
DP01677,P06454,1-111
DP01677,P06454,1-111
DP01700,P02549,1-20
DP01701,Q5VZK9,1005-1020
DP01704,P62318,82-126
DP01705,Q07666,136-156
DP01705,Q07666,365-378
DP01705,Q07666,390-419
DP01705,Q07666,1-96
DP01705,Q07666,267-368
DP01705,Q07666,30-35
DP01705,Q07666,316-320
DP01705,Q07666,17-21
DP01705,Q07666,32-36
DP01705,Q07666,56-60
DP01705,Q07666,58-72
DP01705,Q07666,316-320
DP01705,Q07666,10-61
DP01705,Q07666,281-338
DP01705,Q07666,31-35
DP01705,Q07666,136-140
DP01705,Q07666,136-140
DP01705,Q07666,31-35
DP01705,Q07666,31-35
DP01705,Q07666,136-140
DP01705,Q07666,136-140
DP01705,Q07666,31-35
DP01705,Q07666,31-35
DP01705,Q07666,136-140
DP01714,P0A8H8,40-65
DP01716,P0AD49,91-113
DP01720,Q9NT62,129-158
DP01724,O95644,391-400
DP01724,O95644,416-425
DP01724,O95644,435-458
DP01724,O95644,435-458
DP01724,O95644,538-559
DP01724,O95644,538-559
DP01724,O95644,538-559
DP01729,P69490,144-159
DP01730,Q7Z3C6,810-839
DP01730,Q7Z3C6,1-35
DP01730,Q7Z3C6,96-105
DP01730,Q7Z3C6,523-839
DP01732,Q06628,269-738
DP01732,Q06628,268-738
DP01732,Q06628,424-436
DP01732,Q06628,359-389
DP01732,Q06628,359-389
DP01732,Q06628,424-436
DP01732,Q06628,359-389
DP01732,Q06628,424-436
DP01732,Q06628,359-389
DP01732,Q06628,424-436
DP01732,Q06628,571-700
DP01732,Q06628,571-700
DP01732,Q06628,639-643
DP01732,Q06628,682-687
DP01732,Q06628,660-686
DP01732,Q06628,571-700
DP01732,Q06628,571-700
DP01732,Q06628,571-700
DP01732,Q06628,359-389
DP01732,Q06628,424-436
DP01732,Q06628,460-521
DP01732,Q06628,460-521
DP01733,Q8AVN9,1-12
DP01733,Q8AVN9,69-92
DP01733,Q8AVN9,69-92
DP01735,P80644,173-191
DP01736,P52597,1-10
DP01736,P52597,100-110
DP01736,P52597,100-110
DP01737,P9WKX3,1-35
DP01737,P9WKX3,14-35
DP01737,P9WKX3,160-174
DP01738,P04271,18-28
DP01738,P04271,18-28
DP01738,P04271,80-91
DP01738,P04271,80-91
DP01739,P9WNR7,456-478
DP01740,P68688,44-59
DP01741,Q6PHW0,32-70
DP01741,Q6PHW0,161-178
DP01741,Q6PHW0,161-178
DP01741,Q6PHW0,199-211
DP01741,Q6PHW0,199-211
DP01742,Q8NM20,52-89
DP01744,Q07528,1-160
DP01744,Q07528,1-160
DP01744,Q07528,1-160
DP01744,Q07528,139-145
DP01744,Q07528,45-49
DP01747,P48788,97-182
DP01747,P48788,98-182
DP01748,P05556,752-798
DP01748,P05556,752-798
DP01748,P05556,784-798
DP01748,P05556,784-798
DP01748,P05556,752-795
DP01748,P05556,792-796
DP01748,P05556,752-798
DP01748,P05556,786-791
DP01748,P05556,783-787
DP01748,P05556,781-785
DP01748,P05556,793-797
DP01748,P05556,752-798
DP01749,P51023,142-158
DP01750,P62877,12-39
DP01750,P62877,12-39
DP01750,P62877,12-39
DP01750,P62877,12-39
DP01750,P62877,12-39
DP01750,P62877,1-18
DP01751,O43172,1-169
DP01751,O43172,1-169
DP01751,O43172,106-169
DP01751,O43172,106-169
DP01751,O43172,1-98
DP01751,O43172,1-169
DP01751,O43172,106-169
DP01751,O43172,107-137
DP01751,O43172,107-137
DP01751,O43172,107-137
DP01751,O43172,107-137
DP01752,Q60598,83-324
DP01752,Q60598,83-324
DP01752,Q60598,83-324
DP01754,Q8BHZ5,1-157
DP01754,Q8BHZ5,1-157
DP01754,Q8BHZ5,1-157
DP01754,Q8BHZ5,1-157
DP01754,Q8BHZ5,1-157
DP01754,Q8BHZ5,1-17
DP01754,Q8BHZ5,143-157
DP01754,Q8BHZ5,1-157
DP01754,Q8BHZ5,1-157
DP01754,Q8BHZ5,1-157
DP01754,Q8BHZ5,1-157
DP01754,Q8BHZ5,1-157
DP01754,Q8BHZ5,1-157
DP01757,Q13029,197-341
DP01757,Q13029,197-341
DP01757,Q13029,197-269
DP01757,Q13029,197-269
DP01757,Q13029,297-341
DP01757,Q13029,297-341
DP01759,Q0GBY3,1-68
DP01759,Q0GBY3,1-68
DP01760,P37173,38-48
DP01760,P37173,38-48
DP01760,P37173,150-159
DP01760,P37173,38-48
DP01760,P37173,38-48
DP01760,P37173,38-48
DP01760,P37173,38-48
DP01762,P03714,1-24
DP01762,P03714,46-62
DP01762,P03714,1-24
DP01762,P03714,46-62
DP01762,P03714,53-61
DP01762,P03714,53-61
DP01762,P03714,53-61
DP01762,P03714,1-24
DP01762,P03714,1-24
DP01763,E6Y5X0,232-321
DP01763,E6Y5X0,232-321
DP01763,E6Y5X0,232-321
DP01763,E6Y5X0,232-321
DP01763,E6Y5X0,232-321
DP01763,E6Y5X0,232-321
DP01763,E6Y5X0,232-321
DP01763,E6Y5X0,232-321
DP01763,E6Y5X0,232-321
DP01763,E6Y5X0,232-321
DP01763,E6Y5X0,232-321
DP01764,O95718,169-194
DP01765,Q9NQA5,587-725
DP01765,Q9NQA5,587-725
DP01765,Q9NQA5,587-725
DP01767,Q9H1D0,655-725
DP01767,Q9H1D0,655-725
DP01767,Q9H1D0,655-725
DP01768,P58753,15-35
DP01768,P58753,15-35
DP01768,P58753,15-35
DP01769,Q8WUG5,1-105
DP01769,Q8WUG5,1-105
DP01769,Q8WUG5,1-105
DP01769,Q8WUG5,1-105
DP01770,P50402,46-187
DP01770,P50402,67-170
DP01770,P50402,95-99
DP01770,P50402,131-135
DP01771,P78560,95-136
DP01772,Q07912,448-489
DP01773,P98170,241-254
DP01773,P98170,345-356
DP01774,O54928,175-244
DP01774,O54928,175-244
DP01774,O54928,175-244
DP01775,P53632,128-160
DP01775,P53632,1-160
DP01775,P53632,1-160
DP01775,P53632,1-160
DP01775,P53632,482-584
DP01775,P53632,482-584
DP01776,Q8GYN5,1-211
DP01776,Q8GYN5,1-211
DP01776,Q8GYN5,1-211
DP01777,Q3LS93,22-329
DP01777,Q3LS93,22-329
DP01779,Q05917,146-199
DP01779,Q05917,146-199
DP01779,Q05917,146-199
DP01780,P21736,1-54
DP01781,O75112-6,229-283
DP01781,O75112-6,85-283
DP01781,O75112-6,85-283
DP01782,Q53GG5,107-273
DP01782,Q53GG5,107-273
DP01782,Q53GG5,107-273
DP01782,Q53GG5,107-273
DP01782,Q53GG5,107-273
DP01783,Q2JIZ5,1-30
DP01784,Q86UX7,142-224
DP01784,Q86UX7,142-224
DP01784,Q86UX7,142-224
DP01785,Q87P35,1-125
DP01785,Q87P35,1-125
DP01785,Q87P35,1-125
DP01786,D2JX42,1-143
DP01786,D2JX42,1-143
DP01786,D2JX42,1-143
DP01786,D2JX42,1-143
DP01786,D2JX42,1-143
DP01786,D2JX42,1-143
DP01787,A0A1Z3GD05,1-138
DP01787,A0A1Z3GD05,1-138
DP01787,A0A1Z3GD05,1-138
DP01787,A0A1Z3GD05,1-138
DP01787,A0A1Z3GD05,1-138
DP01787,A0A1Z3GD05,1-138
DP01787,A0A1Z3GD05,1-138
DP01787,A0A1Z3GD05,1-138
DP01787,A0A1Z3GD05,1-138
DP01787,A0A1Z3GD05,1-138
DP01787,A0A1Z3GD05,1-138
DP01787,A0A1Z3GD05,1-138
DP01787,A0A1Z3GD05,1-138
DP01787,A0A1Z3GD05,1-138
DP01787,A0A1Z3GD05,1-138
DP01787,A0A1Z3GD05,1-138
DP01787,A0A1Z3GD05,1-138
DP01787,A0A1Z3GD05,1-138
DP01788,P98177,82-91
DP01788,P98177,82-91
DP01788,P98177,86-96
DP01788,P98177,182-204
DP01788,P98177,182-204
DP01788,P98177,182-204
DP01789,A0A1Z3GD08,1-136
DP01789,A0A1Z3GD08,1-136
DP01789,A0A1Z3GD08,1-136
DP01789,A0A1Z3GD08,1-136
DP01789,A0A1Z3GD08,1-136
DP01789,A0A1Z3GD08,1-136
DP01789,A0A1Z3GD08,1-136
DP01789,A0A1Z3GD08,1-136
DP01789,A0A1Z3GD08,1-136
DP01789,A0A1Z3GD08,1-136
DP01789,A0A1Z3GD08,1-136
DP01789,A0A1Z3GD08,1-136
DP01789,A0A1Z3GD08,1-136
DP01789,A0A1Z3GD08,1-136
DP01789,A0A1Z3GD08,1-136
DP01789,A0A1Z3GD08,1-136
DP01789,A0A1Z3GD08,1-136
DP01789,A0A1Z3GD08,1-136
DP01790,P15941,1184-1198
DP01790,P15941,1183-1187
DP01790,P15941,1183-1187
DP01791,A0ZWU1,158-251
DP01791,A0ZWU1,158-251
DP01794,Q99ML1,128-161
DP01794,Q99ML1,128-161
DP01794,Q99ML1,128-161
DP01794,Q99ML1,128-161
DP01794,Q99ML1,128-161
DP01795,Q9BUH6,143-204
DP01795,Q9BUH6,143-204
DP01795,Q9BUH6,143-166
DP01797,O96017,64-90
DP01797,O96017,1-70
DP01797,O96017,70-91
DP01797,O96017,254-267
DP01797,O96017,377-387
DP01797,O96017,255-268
DP01797,O96017,505-531
DP01797,O96017,513-543
DP01797,O96017,66-70
DP01797,O96017,1-63
DP01799,P49790,1313-1390
DP01799,P49790,1313-1390
DP01799,P49790,1313-1390
DP01799,P49790,875-1475
DP01799,P49790,875-1475
DP01799,P49790,875-1475
DP01799,P49790,875-1475
DP01799,P49790,875-1475
DP01801,P04985,1-747
DP01804,P53999,1-60
DP01804,P53999,1-60
DP01804,P53999,1-60
DP01804,P53999,1-60
DP01805,P40855,1-165
DP01805,P40855,1-165
DP01805,P40855,1-165
DP01805,P40855,1-165
DP01805,P40855,4-182
DP01805,P40855,278-297
DP01806,Q67953,1-108
DP01806,Q67953,1-108
DP01806,Q67953,1-108
DP01806,Q67953,1-108
DP01806,Q67953,66-92
DP01806,Q67953,72-90
DP01807,P49005,42-53
DP01807,P49005,102-122
DP01808,Q9I832,90-120
DP01808,Q9I832,90-120
DP01808,Q9I832,90-120
DP01817,Q15910,346-421
DP01817,Q15910,480-514
DP01817,Q15910,730-746
DP01817,Q15910,183-210
DP01817,Q15910,732-746
DP01817,Q15910,733-746
DP01817,Q15910,386-420
DP01817,Q15910,1-10
DP01817,Q15910,480-514
DP01817,Q15910,487-513
DP01817,Q15910,507-511
DP01817,Q15910,497-513
DP01817,Q15910,340-435
DP01817,Q15910,367-375
DP01825,P25644,422-469
DP01825,P25644,5-24
DP01825,P25644,55-79
DP01832,Q7Q3R9,22-103
DP01832,Q7Q3R9,22-103
DP01832,Q7Q3R9,85-103
DP01832,Q7Q3R9,56-84
DP01832,Q7Q3R9,56-84
DP01832,Q7Q3R9,56-84
DP01832,Q7Q3R9,56-84
DP01833,P85800,1-32
DP01833,P85800,8-32
DP01833,P85800,11-32
DP01833,P85800,11-32
DP01833,P85800,11-32
DP01833,P85800,15-32
DP01833,P85800,12-28
DP01833,P85800,12-28
DP01833,P85800,12-28
DP01833,P85800,12-28
DP01834,Q6F3E8,147-156
DP01834,Q6F3E8,147-156
DP01834,Q6F3E8,147-156
DP01834,Q6F3E8,147-156
DP01835,O43715,54-76
DP01836,O14713,49-59
DP01836,O14713,49-59
DP01837,P37330,300-310
DP01838,P68005,1-13
DP01840,P38968,770-1100
DP01841,P08514,989-1039
DP01841,P08514,989-1039
DP01841,P08514,997-1008
DP01842,P05106,741-788
DP01842,P05106,763-788
DP01842,P05106,765-775
DP01842,P05106,762-788
DP01842,P05106,742-788
DP01842,P05106,783-787
DP01842,P05106,777-781
DP01842,P05106,771-775
DP01842,P05106,780-783
DP01842,P05106,780-783
DP01843,P03404,1-25
DP01844,Q92540,111-143
DP01845,Q13451,1-12
DP01848,P05107,735-769
DP01848,P05107,735-769
DP01848,P05107,735-769
DP01848,P05107,735-769
DP01848,P05107,756-760
DP01849,O60260,378-391
DP01849,O60260,378-391
DP01849,O60260,73-99
DP01849,O60260,109-142
DP01850,Q9JK66,378-392
DP01850,Q9JK66,76-141
DP01850,Q9JK66,378-392
DP01851,P10686,770-779
DP01851,P10686,770-779
DP01852,P04480,1-172
DP01852,P04480,21-107
DP01852,P04480,1-172
DP01852,P04480,1-172
DP01852,P04480,1-172
DP01852,P04480,1-172
DP01852,P04480,1-172
DP01852,P04480,1-172
DP01852,P04480,1-172
DP01852,P04480,9-20
DP01852,P04480,1-172
DP01854,Q9M605,83-93
DP01854,Q9M605,93-113
DP01854,Q9M605,114-130
DP01854,Q9M605,83-130
DP01855,Q9NQC3-1,567-748
DP01855,Q9NQC3-1,1155-1187
DP01855,Q9NQC3-1,1055-1094
DP01855,Q9NQC3-1,1155-1187
DP01855,Q9NQC3-1,1-31
DP01855,Q9NQC3-1,1-200
DP01855,Q9NQC3-1,32-200
DP01855,Q9NQC3-1,1-200
DP01855,Q9NQC3-1,32-200
DP01855,Q9NQC3-1,1-200
DP01855,Q9NQC3-1,210-408
DP01855,Q9NQC3-1,409-616
DP01855,Q9NQC3-1,617-824
DP01855,Q9NQC3-1,825-1016
DP01855,Q9NQC3-1,210-358
DP01855,Q9NQC3-1,359-566
DP01855,Q9NQC3-1,567-774
DP01855,Q9NQC3-1,775-1016
DP01855,Q9NQC3-1,210-408
DP01855,Q9NQC3-1,409-616
DP01855,Q9NQC3-1,617-824
DP01855,Q9NQC3-1,825-1016
DP01855,Q9NQC3-1,210-358
DP01855,Q9NQC3-1,359-566
DP01855,Q9NQC3-1,567-774
DP01855,Q9NQC3-1,775-1016
DP01855,Q9NQC3-1,210-408
DP01855,Q9NQC3-1,409-616
DP01855,Q9NQC3-1,617-824
DP01855,Q9NQC3-1,825-1016
DP01855,Q9NQC3-1,210-358
DP01855,Q9NQC3-1,359-566
DP01855,Q9NQC3-1,567-774
DP01855,Q9NQC3-1,775-1016
DP01855,Q9NQC3-1,567-748
DP01855,Q9NQC3-1,567-748
DP01855,Q9NQC3-1,567-748
DP01855,Q9NQC3-1,567-748
DP01855,Q9NQC3-1,1055-1094
DP01857,P09012,102-117
DP01857,P09012,102-117
DP01857,P09012,115-207
DP01857,P09012,115-207
DP01857,P09012,99-117
DP01858,Q96270,1-169
DP01858,Q96270,1-169
DP01858,Q96270,1-169
DP01858,Q96270,1-169
DP01859,Q5NJL5,1-358
DP01859,Q5NJL5,1-358
DP01860,P17639,1-92
DP01861,P01042,438-531
DP01861,P01042,438-531
DP01861,P01042,438-531
DP01863,O75533,1-462
DP01863,O75533,190-344
DP01863,O75533,190-344
DP01864,Q9XTN4,43-101
DP01864,Q9XTN4,46-95
DP01864,Q9XTN4,1-101
DP01864,Q9XTN4,46-101
DP01864,Q9XTN4,43-101
DP01867,P47047,1-85
DP01867,P47047,361-389
DP01867,P47047,699-713
DP01867,P47047,943-961
DP01867,P47047,1-78
DP01867,P47047,363-391
DP01867,P47047,943-958
DP01867,P47047,361-389
DP01867,P47047,4-17
DP01867,P47047,1-20
DP01867,P47047,6-11
DP01867,P47047,1-80
DP01869,P51587,48-284
DP01870,P84040,22-102
DP01870,P84040,22-102
DP01871,P68246,137-181
DP01871,P68246,145-183
DP01872,O95630,228-241
DP01872,O95630,228-241
DP01872,O95630,219-245
DP01873,Q99075,73-106
DP01874,O95149,288-348
DP01874,O95149,72-91
DP01875,Q2GI62,142-221
DP01875,Q2GI62,142-221
DP01875,Q2GI62,142-221
DP01875,Q2GI62,142-221
DP01876,P52926,1-109
DP01876,P52926,1-109
DP01876,P52926,1-109
DP01876,P52926,1-109
DP01877,Q96AY2,445-455
DP01877,Q96AY2,369-402
DP01877,Q96AY2,369-402
DP01877,Q96AY2,369-402
DP01877,Q96AY2,369-402
DP01878,Q9UPR3,924-946
DP01879,Q9JIH2,47-109
DP01880,Q15596,624-829
DP01880,Q15596,624-829
DP01881,P0C077,85-95
DP01881,P0C077,81-95
DP01881,P0C077,81-95
DP01883,P02655,40-65
DP01883,P02655,40-65
DP01884,Q9UKT5,242-271
DP01887,P08592,672-687
DP01887,P08592,672-687
DP01890,Q07930,1-51
DP01890,Q07930,112-121
DP01890,Q07930,22-42
DP01890,Q07930,22-42
DP01890,Q07930,1-61
DP01893,O14776,98-108
DP01893,O14776,98-108
DP01893,O14776,98-108
DP01898,O60885,333-349
DP01907,Q13568,458-467
DP01914,Q96RI1,275-290
DP01920,P77522,80-156
DP01920,P77522,1-33
DP01921,Q92900,348-359
DP01921,Q92900,348-359
DP01921,Q92900,348-359
DP01921,Q92900,348-359
DP01921,Q92900,348-359
DP01925,Q02078,75-86
DP01926,C4M7X2,583-769
DP01928,P03254,1-137
DP01928,P03254,191-289
DP01928,P03254,1-289
DP01928,P03254,154-174
DP01928,P03254,153-180
DP01929,P17763,1649-1661
DP01930,P29990,883-903
DP01931,Q2YHF0,1644-1654
DP01931,Q2YHF0,1644-1654
DP01931,Q2YHF0,1475-1494
DP01933,P07986,357-376
DP01933,P07986,357-376
DP01934,Q9RJY2,235-264
DP01934,Q9RJY2,235-264
DP01935,P83731,125-157
DP01935,P83731,123-157
DP01937,Q9EPH0,564-636
DP01938,P11021,1-24
DP01938,P11021,634-654
DP01939,Q5JJ98,493-588
DP01939,Q5JJ98,493-588
DP01939,Q5JJ98,493-588
DP01939,Q5JJ98,493-588
DP01939,Q5JJ98,493-588
DP01939,Q5JJ98,493-588
DP01939,Q5JJ98,493-588
DP01939,Q5JJ98,493-588
DP01939,Q5JJ98,493-588
DP01940,Q8BH64,1-18
DP01940,Q8BH64,110-130
DP01940,Q8BH64,110-130
DP01941,Q4JC68,99-143
DP01941,Q4JC68,99-143
DP01941,Q4JC68,99-143
DP01942,P50553,1-236
DP01942,P50553,1-236
DP01942,P50553,1-236
DP01943,Q9NRY2,1-62
DP01944,P31324,1-103
DP01944,P31324,394-416
DP01945,A0A2K8FR49,1-172
DP01945,A0A2K8FR49,1-172
DP01946,S6AWC2,1-158
DP01947,O65934,104-230
DP01947,O65934,104-230
DP01947,O65934,104-230
DP01947,O65934,150-154
DP01947,O65934,208-212
DP01948,Q9HZJ8,1-42
DP01950,P21333,1-36
DP01951,P04083,116-185
DP01951,P04083,116-185
DP01951,P04083,2-12
DP01951,P04083,2-12
DP01951,P04083,2-12
DP01951,P04083,116-185
DP01951,P04083,116-185
DP01951,P04083,116-185
DP01951,P04083,2-26
DP01951,P04083,2-26
DP01951,P04083,2-26
DP01951,P04083,4-19
DP01951,P04083,2-26
DP01951,P04083,116-185
DP01958,Q63450,1-11
DP01958,Q63450,54-63
DP01958,Q63450,164-181
DP01961,P38516,43-95
DP01961,P38516,43-95
DP01963,P19619,1-40
DP01963,P19619,1-41
DP01963,P19619,1-41
DP01965,P0CE48,42-63
DP01965,P0CE48,43-63
DP01965,P0CE48,43-63
DP01965,P0CE48,44-64
DP01967,P0CF51,102-112
DP01967,P0CF51,102-112
DP01967,P0CF51,102-112
DP01967,P0CF51,102-112
DP01968,A4C1A5,1-86
DP01969,P27058,1-200
DP01969,P27058,1-200
DP01969,P27058,1-200
DP01969,P27058,1-200
DP01969,P27058,1-200
DP01969,P27058,1-200
DP01969,P27058,1-178
DP01970,M1GUG5,1-86
DP01970,M1GUG5,1-86
DP01970,M1GUG5,1-86
DP01970,M1GUG5,1-86
DP01970,M1GUG5,1-86
DP01970,M1GUG5,1-86
DP01970,M1GUG5,1-86
DP01970,M1GUG5,1-86
DP01970,M1GUG5,1-86
DP01970,M1GUG5,1-86
DP01970,M1GUG5,1-86
DP01971,P01071,1-181
DP01971,P01071,1-181
DP01972,P13693,37-68
DP01972,P13693,37-68
DP01972,P13693,37-68
DP01972,P13693,42-61
DP01972,P13693,42-61
DP01973,Q09514,1-18
DP01973,Q09514,167-181
DP01973,Q09514,216-266
DP01974,P39748,45-61
DP01974,P39748,90-130
DP01974,P39748,330-342
DP01975,O74958,282-327
DP01975,O74958,282-327
DP01975,O74958,282-327
DP01975,O74958,282-327
DP01976,P35520,1-40
DP01976,P35520,1-40
DP01976,P35520,1-40
DP01977,P49736,1-160
DP01977,P49736,69-138
DP01977,P49736,69-138
DP01977,P49736,69-121
DP01977,P49736,69-106
DP01977,P49736,119-138
DP01977,P49736,107-118
DP01977,P49736,107-118
DP01978,Q02554,351-368
DP01979,Q6CMF0,1-39
DP01979,Q6CMF0,631-656
DP01979,Q6CMF0,818-828
DP01981,P76407,147-158
DP01982,Q8HYY9,1-12
DP01983,Q9Q8N4,151-203
DP01984,B4Y891,1-213
DP01985,Q8TEK3,333-416
DP01985,Q8TEK3,333-416
DP01987,Q14493,200-224
DP01990,P36894,104-120
DP01990,P36894,104-120
DP01990,P36894,104-120
DP01993,Q80VP1,229-407
DP01993,Q80VP1,229-407
DP01993,Q80VP1,229-407
DP01993,Q80VP1,229-407
DP01994,P27321,629-652
DP01994,P27321,187-285
DP01994,P27321,194-205
DP01994,P27321,219-251
DP01994,P27321,268-278
DP01996,Q07009,245-260
DP01996,Q07009,292-321
DP01996,Q07009,437-459
DP01996,Q07009,527-536
DP01996,Q07009,527-536
DP01999,Q8K4J6,67-98
DP01999,Q8K4J6,67-98
DP01999,Q8K4J6,67-98
DP01999,Q8K4J6,67-98
DP01999,Q8K4J6,111-142
DP01999,Q8K4J6,111-142
DP01999,Q8K4J6,111-142
DP01999,Q8K4J6,111-142
DP01999,Q8K4J6,155-186
DP01999,Q8K4J6,155-186
DP01999,Q8K4J6,155-186
DP01999,Q8K4J6,155-186
DP02000,O14745,242-358
DP02000,O14745,242-358
DP02000,O14745,242-358
DP02000,O14745,242-358
DP02000,O14745,242-358
DP02000,O14745,242-358
DP02000,O14745,242-358
DP02000,O14745,242-358
DP02000,O14745,242-358
DP02001,O08807,256-274
DP02001,O08807,244-263
DP02001,O08807,244-263
DP02001,O08807,244-263
DP02001,O08807,252-263
DP02001,O08807,246-251
DP02002,O15922,1-89
DP02002,O15922,230-240
DP02002,O15922,315-324
DP02003,P16220,101-160
DP02003,P16220,101-160
DP02004,Q92793,674-1080
DP02004,Q92793,999-1050
DP02004,Q92793,1852-2057
DP02004,Q92793,674-1080
DP02004,Q92793,674-1080
DP02004,Q92793,674-1080
DP02004,Q92793,674-1080
DP02004,Q92793,674-1080
DP02004,Q92793,674-1080
DP02004,Q92793,674-1080
DP02004,Q92793,1852-2057
DP02005,P47710,1-185
DP02006,P04183,64-73
DP02006,P04183,1-17
DP02006,P04183,193-234
DP02007,Q9H2Y7,1265-1521
DP02007,Q9H2Y7,1265-1521
DP02007,Q9H2Y7,1256-1521
DP02007,Q9H2Y7,1300-1400
DP02008,Q9M4V2,1-80
DP02008,Q9M4V2,1-80
DP02008,Q9M4V2,1-80
DP02008,Q9M4V2,1-80
DP02008,Q9M4V2,1-80
DP02008,Q9M4V2,1-80
DP02008,Q9M4V2,1-113
DP02008,Q9M4V2,1-80
DP02008,Q9M4V2,1-80
DP02009,O75683,1-182
DP02009,O75683,1-195
DP02009,O75683,1-182
DP02010,Q9NRJ3,1-10
DP02010,Q9NRJ3,1-108
DP02010,Q9NRJ3,99-127
DP02011,P32684,253-290
DP02012,Q9Z8L4,1-95
DP02012,Q9Z8L4,384-399
DP02013,P0DP23,76-85
DP02013,P0DP23,76-85
DP02013,P0DP23,76-85
DP02015,P52272,41-70
DP02015,P52272,41-70
DP02015,P52272,41-70
DP02017,A0A0H3LBR3,90-99
DP02025,P30429,1-108
DP02027,P17405,49-85
DP02027,P17405,614-631
DP02030,P09546,611-669
DP02030,P09546,185-243
DP02033,P32504,1-43
DP02033,P32504,97-108
DP02033,P32504,168-182
DP02033,P32504,414-423
DP02033,P32504,538-551
DP02033,P32504,538-956
DP02033,P32504,552-956
DP02033,P32504,1-956
DP02034,P62805,1-25
DP02035,A6QHR2,323-420
DP02042,Q98325,192-241
DP02042,Q98325,214-218
DP02042,Q98325,228-232
DP02042,Q98325,211-241
DP02042,Q98325,228-232
DP02042,Q98325,214-218
DP02049,O74774,1-155
DP02049,O74774,204-259
DP02050,P41814,61-78
DP02050,P41814,88-188
DP02050,P41814,453-478
DP02051,P14335,1-22
DP02051,P14335,1-22
DP02055,P33322,351-394
DP02061,P70447,49-75
DP02061,P70447,1-31
DP02065,Q9Y7M4,56-69
DP02066,Q9FG31,1-158
DP02066,Q9FG31,1-158
DP02066,Q9FG31,1-158
DP02066,Q9FG31,1-158
DP02066,Q9FG31,1-158
DP02066,Q9FG31,1-158
DP02066,Q9FG31,1-158
DP02066,Q9FG31,1-158
DP02066,Q9FG31,1-158
DP02066,Q9FG31,1-158
DP02066,Q9FG31,1-158
DP02067,O74499,1-31
DP02067,O74499,101-113
DP02068,O14352,1-11
DP02068,O14352,72-91
DP02069,P38919,1-21
DP02069,P38919,1-20
DP02069,P38919,1-21
DP02069,P38919,1-20
DP02071,P04383,1-81
DP02072,Q13415,662-673
DP02072,Q13415,471-489
DP02073,P33411,198-217
DP02075,P28300,22-168
DP02075,P28300,22-168
DP02075,P28300,22-168
DP02075,P28300,22-168
DP02075,P28300,22-168
DP02075,P28300,22-168
DP02076,O69245,1-37
DP02077,C6ECL5,144-161
DP02077,C6ECL5,24-52
DP02078,P02686-5,1-171
DP02078,P02686-5,1-171
DP02078,P02686-5,1-171
DP02078,P02686-5,1-171
DP02079,E1BSW7,107-139
DP02086,Q9JPP1,133-274
DP02086,Q9JPP1,245-275
DP02094,P49427,183-236
DP02094,P49427,183-236
DP02094,P49427,101-115
DP02094,P49427,101-115
DP02096,P28698,1-13
DP02097,P27472,640-705
DP02097,P27472,640-705
DP02097,P27472,640-705
DP02097,P27472,402-413
DP02097,P27472,402-413
DP02097,P27472,648-705
DP02100,P60604,95-109
DP02105,P74518,100-191
DP02109,O94316,1-60
DP02118,P19836,1-39
DP02118,P19836,1-15
DP02118,P19836,217-236
DP02118,P19836,237-293
DP02118,P19836,294-312
DP02118,P19836,311-367
DP02118,P19836,313-367
DP02118,P19836,237-293
DP02118,P19836,237-293
DP02118,P19836,238-299
DP02118,P19836,238-299
DP02118,P19836,271-293
DP02118,P19836,275-295
DP02118,P19836,312-367
DP02118,P19836,312-367
DP02118,P19836,36-69
DP02118,P19836,36-69
DP02118,P19836,36-69
DP02118,P19836,237-293
DP02120,Q00944,363-393
DP02120,Q00944,363-393
DP02120,Q00944,573-584
DP02120,Q00944,573-584
DP02122,Q02199,121-154
DP02122,Q02199,121-154
DP02122,Q02199,1-269
DP02122,Q02199,408-428
DP02122,Q02199,1-260
DP02122,Q02199,1-260
DP02122,Q02199,1-260
DP02123,P52948,2-150
DP02123,P52948,2-150
DP02123,P52948,1-730
DP02123,P52948,881-1111
DP02123,P52948,1161-1193
DP02123,P52948,1-499
DP02123,P52948,1-499
DP02123,P52948,1-499
DP02124,Q03281,99-140
DP02124,Q03281,99-140
DP02126,P30307,208-225
DP02126,P30307,208-225
DP02126,P30307,208-225
DP02127,P0AG30,1-30
DP02127,P0AG30,355-411
DP02128,P06437,31-102
DP02128,P06437,462-490
DP02129,O94444,229-243
DP02129,O94444,192-209
DP02130,P02671,232-581
DP02132,P04386,107-144
DP02134,P0ABS5,1-12
DP02137,P0AGE0,114-178
DP02138,P63159,73-99
DP02138,P63159,73-99
DP02138,P63159,165-184
DP02138,P63159,165-184
DP02138,P63159,165-184
DP02138,P63159,165-184
DP02138,P63159,184-214
DP02138,P63159,184-214
DP02138,P63159,184-214
DP02138,P63159,184-214
DP02138,P63159,185-214
DP02138,P63159,185-214
DP02138,P63159,185-214
DP02138,P63159,185-214
DP02142,Q2TAZ0,1244-1273
DP02143,O67086,90-118
DP02143,O67086,90-118
DP02143,O67086,1-59
DP02143,O67086,1-59
DP02143,O67086,1-59
DP02144,P32337,80-90
DP02144,P32337,80-90
DP02145,P47054,328-424
DP02145,P47054,576-601
DP02145,P47054,799-813
DP02148,Q676U5,59-84
DP02149,Q24570,1-15
DP02150,Q9HD26,248-277
DP02150,Q9HD26,255-279
DP02151,Q925J9,637-654
DP02155,P49687,606-734
DP02156,P46673,1-46
DP02156,P46673,432-450
DP02157,P35729,30-52
DP02158,P36161,1-55
DP02158,P36161,1-55
DP02159,P32566,340-505
DP02160,P61328-2,148-181
DP02162,P16050,22-162
DP02163,Q02388,1940-1978
DP02163,Q02388,1940-1978
DP02164,Q8WUM0,252-269
DP02164,Q8WUM0,478-514
DP02164,Q8WUM0,1-70
DP02164,Q8WUM0,1-70
DP02165,F0ZBA6,19-32
DP02167,Q8N726-1,1-132
DP02167,Q8N726-1,57-132
DP02167,Q8N726-1,1-14
DP02167,Q8N726-1,1-14
DP02167,Q8N726-1,1-14
DP02167,Q8N726-1,1-14
DP02167,Q8N726-1,1-14
DP02167,Q8N726-1,84-103
DP02167,Q8N726-1,84-103
DP02167,Q8N726-1,1-22
DP02167,Q8N726-1,1-22
DP02167,Q8N726-1,1-34
DP02167,Q8N726-1,85-101
DP02167,Q8N726-1,1-132
DP02167,Q8N726-1,1-132
DP02168,Q72J05,304-319
DP02169,P37028,217-232
DP02170,O15234,195-215
DP02170,O15234,198-213
DP02170,O15234,137-168
DP02170,O15234,249-286
DP02171,P08621,1-33
DP02171,P08621,1-33
DP02171,P08621,184-437
DP02171,P08621,184-437
DP02171,P08621,184-437
DP02173,Q9BS26,328-358
DP02173,Q9BS26,351-372
DP02173,Q9BS26,351-372
DP02188,P52695,1-10
DP02191,P51965,1-40
DP02191,P51965,1-40
DP02191,P51965,1-40
DP02192,O00571,1-167
DP02193,P21734,150-172
DP02193,P21734,150-172
DP02194,P68466,83-94
DP02194,P68466,116-128
DP02194,P68466,118-127
DP02194,P68466,118-127
DP02195,P53136,434-463
DP02196,P37455,107-171
DP02196,P37455,107-171
DP02197,P0ADV9,24-58
DP02201,P0A9A6,317-383
DP02201,P0A9A6,317-383
DP02202,P17865,317-382
DP02202,P17865,315-382
DP02202,P17865,315-382
DP02202,P17865,377-382
DP02202,P17865,377-382
DP02203,Q9Q6P4,899-919
DP02204,Q5UB51,1413-1438
DP02204,Q5UB51,1413-1419
DP02204,Q5UB51,1645-1655
DP02205,Q2TUW1,1-238
DP02205,Q2TUW1,1-238
DP02205,Q2TUW1,1-238
DP02205,Q2TUW1,1-238
DP02205,Q2TUW1,1-238
DP02205,Q2TUW1,1-238
DP02205,Q2TUW1,1-238
DP02205,Q2TUW1,1-238
DP02205,Q2TUW1,1-238
DP02205,Q2TUW1,1-238
DP02205,Q2TUW1,1-238
DP02205,Q2TUW1,1-238
DP02206,P15516,20-51
DP02206,P15516,20-43
DP02206,P15516,20-43
DP02206,P15516,20-51
DP02206,P15516,20-43
DP02207,P02808,20-62
DP02208,A0A140GKJ0,56-88
DP02209,O82132,255-272
DP02209,O82132,255-272
DP02209,O82132,168-335
DP02209,O82132,168-335
DP02209,O82132,255-272
DP02209,O82132,255-272
DP02209,O82132,255-272
DP02209,O82132,255-272
DP02209,O82132,255-272
DP02209,O82132,259-270
DP02209,O82132,259-270
DP02210,Q03519,1-129
DP02212,P05769,1442-1465
DP02212,P05769,1504-1520
DP02212,P05769,2085-2095
DP02215,Q93P54,414-427
DP02215,Q93P54,431-444
DP02216,Q9U3S5,1-100
DP02216,Q9U3S5,366-946
DP02216,Q9U3S5,773-884
DP02216,Q9U3S5,885-945
DP02216,Q9U3S5,484-569
DP02216,Q9U3S5,632-772
DP02216,Q9U3S5,484-772
DP02216,Q9U3S5,484-772
DP02216,Q9U3S5,773-945
DP02220,P32521,1191-1480
DP02220,P32521,1191-1480
DP02224,P29375,184-360
DP02224,P29375,184-360
DP02225,Q9SQQ6,172-338
DP02225,Q9SQQ6,319-338
DP02225,Q9SQQ6,319-338
DP02225,Q9SQQ6,319-338
DP02225,Q9SQQ6,315-338
DP02225,Q9SQQ6,315-338
DP02225,Q9SQQ6,172-338
DP02225,Q9SQQ6,172-338
DP02225,Q9SQQ6,172-338
DP02225,Q9SQQ6,315-338
DP02225,Q9SQQ6,315-338
DP02225,Q9SQQ6,172-338
DP02225,Q9SQQ6,328-338
DP02226,P24385,1-24
DP02226,P24385,256-295
DP02227,Q02821,510-530
DP02231,Q99958,134-144
DP02233,Q13547,377-482
DP02233,Q13547,377-482
DP02234,P08476,359-386
DP02247,P10721,544-565
DP02248,Q8RWK8,117-350
DP02248,Q8RWK8,117-350
DP02248,Q8RWK8,212-350
DP02248,Q8RWK8,212-350
DP02248,Q8RWK8,212-350
DP02248,Q8RWK8,350-409
DP02248,Q8RWK8,511-608
DP02249,P38862,618-630
DP02249,P38862,618-630
DP02251,P68363,416-447
DP02251,P68363,416-447
DP02253,Q96F86,203-258
DP02253,Q96F86,203-258
DP02253,Q96F86,203-258
DP02253,Q96F86,203-258
DP02254,P14598,213-228
DP02254,P14598,213-228
DP02254,P14598,296-330
DP02254,P14598,296-330
DP02254,P14598,296-330
DP02254,P14598,296-330
DP02254,P14598,296-304
DP02254,P14598,343-390
DP02254,P14598,343-390
DP02254,P14598,343-390
DP02254,P14598,213-228
DP02256,P26554,141-151
DP02256,P26554,141-151
DP02256,P26554,141-151
DP02256,P26554,141-151
DP02256,P26554,141-151
DP02258,Q9JLC3,1-18
DP02258,Q9JLC3,31-44
DP02258,Q9JLC3,105-116
DP02261,P13848,79-98
DP02261,P13848,80-98
DP02261,P13848,79-98
DP02262,P42226,783-814
DP02262,P42226,783-814
DP02262,P42226,790-799
DP02262,P42226,783-793
DP02262,P42226,786-808
DP02262,P42226,786-790
DP02262,P42226,799-808
DP02262,P42226,791-798
DP02263,P32120,352-390
DP02263,P32120,409-420
DP02263,P32120,351-420
DP02264,Q12306,1-23
DP02267,Q8IVG9,1-24
DP02267,Q8IVG9,1-24
DP02269,Q9Y6K9,252-272
DP02269,Q9Y6K9,150-192
DP02269,Q9Y6K9,1-43
DP02271,P29131,68-79
DP02271,P29131,124-215
DP02271,P29131,94-116
DP02272,Q7KLE5,1-26
DP02272,Q7KLE5,1-26
DP02272,Q7KLE5,158-170
DP02272,Q7KLE5,158-170
DP02272,Q7KLE5,160-164
DP02272,Q7KLE5,1-26
DP02290,Q92905,198-218
DP02290,Q92905,284-295
DP02291,P04486,412-490
DP02291,P04486,456-490
DP02291,P04486,456-490
DP02291,P04486,456-490
DP02291,P04486,412-456
DP02291,P04486,456-490
DP02291,P04486,456-490
DP02291,P04486,412-490
DP02291,P04486,412-490
DP02291,P04486,454-490
DP02291,P04486,412-490
DP02291,P04486,412-490
DP02291,P04486,469-485
DP02291,P04486,452-490
DP02291,P04486,475-484
DP02291,P04486,469-485
DP02291,P04486,452-490
DP02291,P04486,469-485
DP02291,P04486,452-490
DP02291,P04486,475-484
DP02291,P04486,469-485
DP02291,P04486,452-490
DP02291,P04486,350-394
DP02291,P04486,403-490
DP02292,Q96PU5,400-480
DP02292,Q96PU5,400-480
DP02294,P63165,1-18
DP02294,P63165,2-18
DP02294,P63165,1-18
DP02295,Q05471,605-614
DP02295,Q05471,599-627
DP02295,Q05471,599-627
DP02295,Q05471,599-627
DP02295,Q05471,599-627
DP02296,P60761,26-47
DP02296,P60761,26-47
DP02296,P60761,26-47
DP02296,P60761,26-47
DP02296,P60761,51-62
DP02296,P60761,51-62
DP02296,P60761,51-62
DP02296,P60761,51-62
DP02299,P50498,1-272
DP02299,P50498,1-272
DP02299,P50498,1-270
DP02299,P50498,1-272
DP02301,Q71UI9,39-48
DP02301,Q71UI9,39-48
DP02301,Q71UI9,39-48
DP02302,Q15843,69-81
DP02302,Q15843,69-81
DP02302,Q15843,69-81
DP02303,Q0JRZ9,259-274
DP02309,Q96RF0,154-158
DP02309,Q96RF0,154-158
DP02309,Q96RF0,154-158
DP02309,Q96RF0,154-158
DP02309,Q96RF0,154-158
DP02309,Q96RF0,154-158
DP02309,Q96RF0,59-224
DP02311,Q7DD77,69-84
DP02311,Q7DD77,20-69
DP02311,Q7DD77,164-181
DP02312,Q8T9B6,19-91
DP02312,Q8T9B6,31-91
DP02313,Q8IG33,18-88
DP02314,Q9ERE7,30-102
DP02314,Q9ERE7,29-92
DP02316,O43663,467-620
DP02316,O43663,467-620
DP02316,O43663,451-486
DP02317,Q03689,228-289
DP02318,O14672,697-748
DP02318,O14672,697-748
DP02318,O14672,697-748
DP02318,O14672,697-748
DP02318,O14672,697-748
DP02320,P0C8E0,1-19
DP02321,P0C8E1,1-19
DP02322,A0LU48,36-80
DP02323,Q5L0X5,231-261
DP02324,P53865,572-581
DP02324,P53865,572-581
DP02325,O60200,67-81
DP02326,Q05776,62-71
DP02326,Q05776,62-71
DP02326,Q05776,62-71
DP02327,Q00169,1-12
DP02327,Q00169,119-190
DP02327,Q00169,119-190
DP02327,Q00169,119-190
DP02327,Q00169,119-190
DP02327,Q00169,119-190
DP02327,Q00169,119-190
DP02327,Q00169,233-270
DP02327,Q00169,233-270
DP02328,P53779,206-231
DP02329,K7J0R2,351-385
DP02329,K7J0R2,335-372
DP02329,K7J0R2,335-372
DP02329,K7J0R2,351-385
DP02330,C4PB33,361-395
DP02331,O17428,356-397
DP02332,Q9BUQ8,1-257
DP02332,Q9BUQ8,1-138
DP02332,Q9BUQ8,807-820
DP02332,Q9BUQ8,791-820
DP02332,Q9BUQ8,1-157
DP02332,Q9BUQ8,204-240
DP02332,Q9BUQ8,338-351
DP02332,Q9BUQ8,204-219
DP02332,Q9BUQ8,242-247
DP02333,P13861,44-90
DP02333,P13861,44-90
DP02334,Q98148,1110-1162
DP02334,Q98148,1133-1144
DP02334,Q98148,1133-1144
DP02334,Q98148,745-925
DP02334,Q98148,620-723
DP02334,Q98148,325-426
DP02334,Q98148,1133-1144
DP02337,O46385,1-342
DP02337,O46385,11-174
DP02337,O46385,11-174
DP02337,O46385,1-342
DP02338,O60701,465-494
DP02338,O60701,465-494
DP02340,A0A3N4AZ09,21-112
DP02340,A0A3N4AZ09,21-112
DP02340,A0A3N4AZ09,21-112
DP02340,A0A3N4AZ09,21-112
DP02340,A0A3N4AZ09,21-112
DP02340,A0A3N4AZ09,21-112
DP02340,A0A3N4AZ09,110-215
DP02340,A0A3N4AZ09,110-215
DP02340,A0A3N4AZ09,110-215
DP02340,A0A3N4AZ09,110-215
DP02340,A0A3N4AZ09,110-215
DP02340,A0A3N4AZ09,110-215
DP02340,A0A3N4AZ09,21-112
DP02340,A0A3N4AZ09,21-112
DP02340,A0A3N4AZ09,21-112
DP02340,A0A3N4AZ09,21-112
DP02341,A0A178W0D3,221-259
DP02341,A0A178W0D3,221-259
DP02341,A0A178W0D3,221-259
DP02342,P06837,1-227
DP02342,P06837,34-57
DP02342,P06837,34-57
DP02342,P06837,1-227
DP02342,P06837,34-57
DP02342,P06837,34-57
DP02342,P06837,34-57
DP02345,Q92804,323-354
DP02345,Q92804,323-354
DP02346,Q9BTL3,2-45
DP02346,Q9BTL3,2-45
DP02346,Q9BTL3,2-45
DP02346,Q9BTL3,2-45
DP02348,Q8N5F7,1-328
DP02348,Q8N5F7,1-328
DP02348,Q8N5F7,359-415
DP02348,Q8N5F7,1-328
DP02348,Q8N5F7,359-415
DP02349,P51825,738-760
DP02353,P0DMV9,229-306
DP02355,P36080,1-295
DP02355,P36080,394-434
DP02356,P78794,1-23
DP02356,P78794,71-222
DP02357,O14187,1-46
DP02357,O14187,2044-2363
DP02359,Q8IYB3,1-31
DP02359,Q8IYB3,127-904
DP02359,Q8IYB3,1-299
DP02359,Q8IYB3,300-350
DP02359,Q8IYB3,351-688
DP02360,O14810,74-83
DP02361,O95429,357-376
DP02364,Q9H6Z4-3,31-45
DP02365,Q13464,895-913
DP02368,P29536,299-313
DP02369,Q00780,570-612
DP02371,O08583,77-104
DP02371,O08583,84-95
DP02371,O08583,77-182
DP02371,O08583,77-182
DP02372,Q88MI5,1-22
DP02372,Q88MI5,1-22
DP02372,Q88MI5,1-22
DP02372,Q88MI5,1-22
DP02372,Q88MI5,1-22
DP02373,Q92837,1-198
DP02373,Q92837,224-279
DP02373,Q92837,188-226
DP02375,Q96T58,3470-3494
DP02376,Q4ACU6,588-600
DP02376,Q4ACU6,377-532
DP02376,Q4ACU6,666-1293
DP02376,Q4ACU6,1324-1399
DP02376,Q4ACU6,1427-1653
DP02377,Q9GRZ3,1420-1441
DP02377,Q9GRZ3,1458-1494
DP02378,Q09260,115-132
DP02380,O23661,388-594
DP02380,O23661,388-594
DP02380,O23661,388-594
DP02380,O23661,388-594
DP02381,O60706-2,618-669
DP02381,O60706-2,618-669
DP02381,O60706-2,618-669
DP02381,O60706-2,618-669
DP02381,O60706-2,618-669
DP02381,O60706-2,618-669
DP02382,Q15046,1-70
DP02382,Q15046,1-70
DP02383,P08631,2-79
DP02383,P08631,2-79
DP02383,P08631,2-6
DP02383,P08631,2-21
DP02383,P08631,2-79
DP02383,P08631,2-79
DP02384,P82804,33-58
DP02386,Q9NYB9,156-513
DP02387,P70429,114-130
DP02389,Q96GD4,221-236
DP02389,Q96GD4,230-234
DP02389,Q96GD4,230-234
DP02389,Q96GD4,221-236
DP02389,Q96GD4,221-236
DP02390,Q9NQS7,883-903
DP02390,Q9NQS7,853-903
DP02390,Q9NQS7,892-896
DP02390,Q9NQS7,883-903
DP02392,Q9ZVD0,290-324
DP02392,Q9ZVD0,435-444
DP02392,Q9ZVD0,366-380
DP02393,Q8IZD2,323-339
DP02395,P35201,365-436
DP02395,P35201,331-438
DP02396,Q7RTP6,1881-1990
DP02396,Q7RTP6,1735-1918
DP02396,Q7RTP6,1735-1918
DP02396,Q7RTP6,1735-1918
DP02397,P11746,2-17
DP02397,P11746,2-17
DP02397,P11746,2-17
DP02397,P11746,2-17
DP02398,Q04637,592-606
DP02398,Q04637,161-216
DP02398,Q04637,178-202
DP02398,Q04637,178-203
DP02398,Q04637,179-198
DP02398,Q04637,161-216
DP02398,Q04637,179-198
DP02398,Q04637,161-216
DP02398,Q04637,161-216
DP02398,Q04637,161-216
DP02398,Q04637,1427-1436
DP02398,Q04637,1427-1436
DP02398,Q04637,1079-1233
DP02398,Q04637,290-754
DP02398,Q04637,992-1599
DP02399,P06730,1-29
DP02399,P06730,2-35
DP02399,P06730,1-26
DP02400,P48598,1-68
DP02401,O61380,633-660
DP02401,O61380,578-601
DP02401,O61380,638-650
DP02404,Q96N21,136-153
DP02405,Q8IYW5,94-111
DP02408,Q9P2K3-3,1-272
DP02408,Q9P2K3-3,406-553
DP02409,Q9BTT0,186-213
DP02409,Q9BTT0,214-224
DP02409,Q9BTT0,214-224
DP02409,Q9BTT0,186-232
DP02410,P21952,319-342
DP02410,P21952,319-342
DP02411,Q08050,222-231
DP02411,Q08050,327-360
DP02411,Q08050,1-114
DP02411,Q08050,694-748
DP02411,Q08050,694-748
DP02411,Q08050,1-114
DP02411,Q08050,1-114
DP02412,O88513,79-89
DP02412,O88513,79-89
DP02412,O88513,79-89
DP02412,O88513,79-89
DP02413,P04198,28-60
DP02414,P14653,187-206
DP02414,P14653,187-206
DP02415,P54274,1-10
DP02415,P54274,23-55
DP02417,P49765,37-46
DP02417,P49765,37-46
DP02417,P49765,37-46
DP02417,P49765,130-188
DP02418,P35568,117-159
DP02418,P35568,117-159
DP02419,Q5SQI0,26-36
DP02419,Q5SQI0,196-236
DP02419,Q5SQI0,231-235
DP02420,Q86YV5,932-943
DP02420,Q86YV5,1030-1039
DP02420,Q86YV5,1065-1081
DP02420,Q86YV5,1218-1238
DP02420,Q86YV5,1336-1345
DP02421,O94687,426-436
DP02421,O94687,117-452
DP02422,O35254,1-11
DP02423,Q5RJI5,592-603
DP02423,Q5RJI5,592-603
DP02423,Q5RJI5,592-603
DP02426,Q80VW5,420-430
DP02427,Q9BVI0,70-85
DP02428,Q5T4W7,108-120
DP02429,Q9WTY2,137-150
DP02429,Q9WTY2,171-182
DP02431,P15391,138-152
DP02445,Q96RS0,618-633
DP02446,Q8IU57,270-299
DP02448,Q03707,196-221
DP02448,Q03707,222-454
DP02448,Q03707,222-454
DP02448,Q03707,222-454
DP02449,Q15583,150-167
DP02449,Q15583,235-248
DP02449,Q15583,256-347
DP02449,Q15583,256-347
DP02449,Q15583,284-288
DP02449,Q15583,289-293
DP02449,Q15583,292-296
DP02451,P46938,35-64
DP02452,Q8TEA8,152-209
DP02452,Q8TEA8,152-209
DP02452,Q8TEA8,152-209
DP02452,Q8TEA8,152-209
DP02455,Q9UKX7,48-109
DP02456,O35625,1-17
DP02456,O35625,31-59
DP02456,O35625,19-30
DP02457,O95400,256-280
DP02458,P17181,49-58
DP02458,P17181,330-436
DP02460,Q23985,26-43
DP02460,Q23985,212-261
DP02461,P17105,185-202
DP02463,Q9NRR4,390-411
DP02463,Q9NRR4,459-521
DP02463,Q9NRR4,712-849
DP02463,Q9NRR4,930-957
DP02463,Q9NRR4,1333-1365
DP02464,Q12476,147-159
DP02464,Q12476,147-159
DP02464,Q12476,147-159
DP02465,P07199,583-599
DP02466,Q12432,44-53
DP02467,P51617,449-463
DP02467,P51617,367-382
DP02467,P51617,367-382
DP02468,P17480,547-560
DP02470,Q12495,457-519
DP02471,Q96G97,2-60
DP02471,Q96G97,220-398
DP02472,Q3U182,1-14
DP02472,Q3U182,59-80
DP02473,Q15642,289-303
DP02474,Q12000,283-319
DP02475,Q86UE8,1-200
DP02475,Q86UE8,1-190
DP02476,P36106,1-231
DP02476,P36106,74-134
DP02476,P36106,134-232
DP02476,P36106,366-447
DP02476,P36106,366-594
DP02477,Q01970,471-572
DP02477,Q01970,471-572
DP02477,Q01970,883-933
DP02477,Q01970,883-933
DP02477,Q01970,882-1234
DP02477,Q01970,934-1192
DP02477,Q01970,934-1192
DP02478,Q6SJQ7,132-330
DP02479,O60502,11-58
DP02479,O60502,341-370
DP02479,O60502,696-706
DP02479,O60502,11-56
DP02479,O60502,348-369
DP02479,O60502,341-371
DP02479,O60502,335-372
DP02480,Q12102,423-625
DP02481,P46674,1-142
DP02481,P46674,551-1301
DP02481,P46674,720-805
DP02481,P46674,720-805
DP02481,P46674,551-719
DP02481,P46674,720-805
DP02481,P46674,720-805
DP02483,Q8ZRP0,1-426
DP02484,P0AD27,1-244
DP02485,P40709,1-244
DP02486,A7ZUK2,931-1134
DP02487,P22473,1-288
DP02487,P22473,301-506
DP02487,P22473,289-300
DP02487,P22473,289-300
DP02487,P22473,289-300
DP02488,O28769,1-233
DP02489,Q9YIJ1,1-208
DP02490,D1A4G7,200-413
DP02490,D1A4G7,200-413
DP02491,Q9WBP8,1-216
DP02491,Q9WBP8,127-131
DP02492,Q808Y3,1-216
DP02493,P21401,154-370
DP02493,P21401,379-395
DP02493,P21401,440-469
DP02494,O56139,1-216
DP02495,Q928V6,133-350
DP02495,Q928V6,400-452
DP02496,P56926,633-852
DP02496,P56926,633-852
DP02496,P56926,633-852
DP02498,A7YK37,1-227
DP02499,A0KJC7,1-230
DP02500,Q5A3P6,1-232
DP02500,Q5A3P6,522-944
DP02501,P00800,1-232
DP02502,A0R1T8,1-238
DP02502,A0R1T8,1-238
DP02503,Q28146,31-280
DP02504,P35828,1-248
DP02504,P35828,1-248
DP02504,P35828,1-256
DP02505,O53168,1-262
DP02506,Q8A6W3,1-235
DP02507,Q84852,17-299
DP02508,P12537,304-585
DP02509,P0DOC6,103-174
DP02509,P0DOC6,914-1005
DP02509,P0DOC6,914-1005
DP02510,P09327,360-613
DP02511,P02640,723-763
DP02511,P02640,723-763
DP02513,Q05022,1-1408
DP02514,P36594,1498-1752
DP02515,Q13740,246-583
DP02516,P56287,443-678
DP02516,P56287,443-678
DP02517,Q64487-12,585-854
DP02518,Q8ZRW0,1-224
DP02518,Q8ZRW0,1-224
DP02518,Q8ZRW0,24-224
DP02518,Q8ZRW0,170-196
DP02518,Q8ZRW0,170-196
DP02519,Q01080,115-415
DP02519,Q01080,116-415
DP02519,Q01080,115-415
DP02519,Q01080,115-415
DP02519,Q01080,182-403
DP02519,Q01080,115-415
DP02520,G0S3L5,1114-1185
DP02520,G0S3L5,1213-1252
DP02520,G0S3L5,1134-1152
DP02520,G0S3L5,1-699
DP02520,G0S3L5,1-699
DP02521,A5HC98,950-959
DP02521,A5HC98,950-959
DP02521,A5HC98,708-717
DP02521,A5HC98,876-891
DP02521,A5HC98,1408-1424
DP02521,A5HC98,1532-1543
DP02521,A5HC98,950-959
DP02521,A5HC98,185-270
DP02521,A5HC98,185-270
DP02521,A5HC98,950-959
DP02522,Q9BE39,807-1935
DP02523,Q9UKL0,1-307
DP02523,Q9UKL0,441-485
DP02523,Q9UKL0,1-485
DP02524,A5YKK6,1565-1841
DP02524,A5YKK6,1589-1607
DP02525,P9WGI1,1-224
DP02526,C4R4Y0,1454-1743
DP02527,P04050,1549-1716
DP02527,P04050,1456-1733
DP02527,P04050,1446-1733
DP02527,P04050,1446-1733
DP02527,P04050,1455-1733
DP02528,Q80UG2,920-1229
DP02528,Q80UG2,1004-1229
DP02529,Q92558,185-494
DP02529,Q92558,545-559
DP02529,Q92558,517-526
DP02529,Q92558,1-14
DP02529,Q92558,544-559
DP02530,P18564,492-788
DP02530,P18564,1-788
DP02531,S6B291,240-465
DP02532,Q07866,185-208
DP02533,P56696,550-593
DP02534,O70201,123-140
DP02535,Q8R4T5,120-130
DP02535,Q8R4T5,1-96
DP02535,Q8R4T5,1-96
DP02536,P15825,74-348
DP02536,P15825,30-62
DP02537,P30130,46-69
DP02537,P30130,1-46
DP02537,P30130,499-518
DP02538,Q16790,38-136
DP02538,Q16790,38-136
DP02538,Q16790,38-136
DP02538,Q16790,38-136
DP02538,Q16790,38-136
DP02538,Q16790,38-136
DP02538,Q16790,38-136
DP02539,Q16611,64-98
DP02539,Q16611,75-84
DP02539,Q16611,64-98
DP02539,Q16611,64-98
DP02539,Q16611,69-86
DP02539,Q16611,69-86
DP02540,Q07812,49-83
DP02540,Q07812,49-83
DP02540,Q07812,49-83
DP02540,Q07812,55-79
DP02541,P0ACN7,1-67
DP02541,P0ACN7,9-55
DP02541,P0ACN7,1-67
DP02541,P0ACN7,1-67
DP02541,P0ACN7,1-67
DP02541,P0ACN7,9-55
DP02541,P0ACN7,9-55
DP02541,P0ACN7,1-67
DP02541,P0ACN7,1-67
DP02541,P0ACN7,1-66
DP02541,P0ACN7,35-45
DP02541,P0ACN7,11-56
DP02541,P0ACN7,1-66
DP02541,P0ACN7,1-66
DP02541,P0ACN7,2-65
DP02541,P0ACN7,2-65
DP02541,P0ACN7,2-65
DP02541,P0ACN7,2-65
DP02542,P39061,27-265
DP02542,P39061,27-265
DP02542,P39061,27-265
DP02542,P39061,27-265
DP02542,P39061,27-265
DP02543,Q9NUM4,1-95
DP02543,Q9NUM4,1-119
DP02543,Q9NUM4,255-274
DP02544,Q04410,1-372
DP02544,Q04410,1-372
DP02544,Q04410,1-372
DP02544,Q04410,1-372
DP02545,P07948,1-62
DP02545,P07948,1-62
DP02545,P07948,1-62
DP02546,P16070,669-742
DP02546,P16070,153-178
DP02546,P16070,153-170
DP02547,Q9Y6G9,388-523
DP02547,Q9Y6G9,388-523
DP02547,Q9Y6G9,388-523
DP02547,Q9Y6G9,388-523
DP02547,Q9Y6G9,388-523
DP02547,Q9Y6G9,388-523
DP02547,Q9Y6G9,388-523
DP02548,P0AES9,22-110
DP02548,P0AES9,22-110
DP02548,P0AES9,22-110
DP02548,P0AES9,22-110
DP02548,P0AES9,22-110
DP02548,P0AES9,22-110
DP02548,P0AES9,22-110
DP02548,P0AES9,22-110
DP02548,P0AES9,22-110
DP02549,O82775,1-180
DP02549,O82775,1-180
DP02549,O82775,1-180
DP02549,O82775,1-180
DP02549,O82775,1-180
DP02549,O82775,14-17
DP02549,O82775,14-17
DP02549,O82775,14-17
DP02549,O82775,14-17
DP02550,Q8VY98,1-193
DP02550,Q8VY98,1-193
DP02550,Q8VY98,1-193
DP02550,Q8VY98,1-193
DP02550,Q8VY98,1-193
DP02550,Q8VY98,13-18
DP02550,Q8VY98,13-18
DP02550,Q8VY98,13-18
DP02550,Q8VY98,13-18
DP02551,Q8NBP7,31-60
DP02551,Q8NBP7,45-49
DP02551,Q8NBP7,31-53
DP02551,Q8NBP7,36-45
DP02551,Q8NBP7,36-45
DP02551,Q8NBP7,31-53
DP02551,Q8NBP7,36-40
DP02551,Q8NBP7,37-45
DP02552,P43629,361-444
DP02552,P43629,371-385
DP02552,P43629,375-379
DP02552,P43629,361-444
DP02552,P43629,405-409
DP02554,Q6P5W5,424-498
DP02554,Q6P5W5,431-448
DP02554,Q6P5W5,431-448
DP02554,Q6P5W5,424-498
DP02554,Q6P5W5,436-448
DP02554,Q6P5W5,436-448
DP02555,Q15109,364-404
DP02555,Q15109,364-404
DP02555,Q15109,364-404
DP02555,Q15109,364-370
DP02555,Q15109,364-404
DP02555,Q15109,364-370
DP02555,Q15109,389-393
DP02555,Q15109,364-404
DP02556,P09077,298-331
DP02556,P09077,305-310
DP02556,P09077,305-310
DP02557,P07548,337-374
DP02557,P07548,341-349
DP02557,P07548,341-349
DP02558,Q9NP70,223-447
DP02558,Q9NP70,62-98
DP02558,Q9NP70,62-98
DP02558,Q9NP70,62-98
DP02558,Q9NP70,27-447
DP02558,Q9NP70,220-225
DP02558,Q9NP70,27-447
DP02559,Q969R2,1-184
DP02559,Q969R2,1-184
DP02561,P60880,83-141
DP02561,P60880,83-141
DP02561,P60880,83-110
DP02561,P60880,111-141
DP02561,P60880,111-141
DP02561,P60880,83-110
DP02562,P10081,223-233
DP02562,P10081,223-233
DP02564,Q15717,1-19
DP02567,P01266,610-620
DP02567,P01266,610-620
DP02567,P01266,1-23
DP02567,P01266,388-407
DP02567,P01266,511-546
DP02567,P01266,830-847
DP02567,P01266,1010-1020
DP02567,P01266,1234-1243
DP02567,P01266,1640-1657
DP02567,P01266,1802-1814
DP02567,P01266,2729-2768
DP02568,P04616,66-116
DP02568,P04616,34-50
DP02568,P04616,34-50
DP02568,P04616,34-50
DP02568,P04616,34-50
DP02568,P04616,34-50
DP02568,P04616,34-50
DP02568,P04616,34-50
DP02568,P04616,34-50
DP02568,P04616,34-50
DP02568,P04616,35-50
DP02568,P04616,76-80
DP02568,P04616,35-46
DP02568,P04616,35-46
DP02569,Q8R1S4,155-168
DP02570,Q8BPB0,11-23
DP02570,Q8BPB0,11-23
DP02571,P80192,298-310
DP02571,P80192,298-310
DP02571,P80192,173-183
DP02572,P55042,116-125
DP02572,P55042,149-160
DP02573,Q8VEL9,140-151
DP02574,P39905,78-117
DP02575,P83755,335-344
DP02575,P83755,335-344
DP02575,P83755,335-344
DP02576,P56777,480-508
DP02577,P23321,240-281
DP02578,Q16647,319-330
DP02579,Q8VDQ1,254-265
DP02579,Q8VDQ1,254-265
DP02580,P28827,589-742
DP02583,F1RAX4,575-597
DP02583,F1RAX4,575-597
DP02583,F1RAX4,585-591
DP02584,F1QGH7,1-126
DP02584,F1QGH7,680-780
DP02585,Q9H900,253-263
DP02585,Q9H900,253-263
DP02585,Q9H900,69-98
DP02585,Q9H900,212-221
DP02585,Q9H900,310-338
DP02585,Q9H900,561-575
DP02586,P10761,119-131
DP02587,Q96PM5,187-215
DP02587,Q96PM5,187-215
DP02588,P47273,78-99
DP02588,P47273,1-11
DP02589,Q05080,276-300
DP02590,P47523,37-74
DP02590,P47523,455-468
DP02590,P47523,37-74
DP02590,P47523,469-556
DP02590,P47523,469-556
DP02591,P78362,1-80
DP02591,P78362,231-511
DP02591,P78362,231-511
DP02591,P78362,1-80
DP02591,P78362,231-511
DP02591,P78362,1-80
DP02591,P78362,1-80
DP02591,P78362,231-511
DP02591,P78362,231-511
DP02591,P78362,1-80
DP02592,Q9H8Y8,209-452
DP02592,Q9H8Y8,209-452
DP02592,Q9H8Y8,209-452
DP02593,Q9ESJ0,241-260
DP02593,Q9ESJ0,931-948
DP02593,Q9ESJ0,170-181
DP02593,Q9ESJ0,507-530
DP02593,Q9ESJ0,761-771
DP02593,Q9ESJ0,1034-1046
DP02593,Q9ESJ0,1034-1046
DP02593,Q9ESJ0,761-771
DP02593,Q9ESJ0,507-530
DP02593,Q9ESJ0,170-181
DP02594,P63241,1-14
DP02595,P25490,1-295
DP02595,P25490,1-295
DP02595,P25490,1-295
DP02595,P25490,1-295
DP02595,P25490,1-295
DP02596,Q04866,206-249
DP02597,O49195,16-48
DP02598,Q96H20,1-25
DP02598,Q96H20,1-25
DP02598,Q96H20,1-25
DP02599,Q86VN1,149-169
DP02599,Q86VN1,149-169
DP02600,P35916,470-483
DP02600,P35916,470-483
DP02600,P35916,77-89
DP02600,P35916,114-123
DP02601,Q96NW4,693-732
DP02601,Q96NW4,693-732
DP02601,Q96NW4,619-640
DP02602,P70280,164-188
DP02604,P20020-1,1063-1258
DP02604,P20020-1,1063-1258
DP02605,P02533,295-331
DP02605,P02533,295-331
DP02606,P13647,350-381
DP02606,P13647,350-381
DP02606,P13647,1-167
DP02606,P13647,482-590
DP02606,P13647,1-167
DP02606,P13647,478-590
DP02607,Q9UNA0,557-628
DP02607,Q9UNA0,557-628
DP02608,Q8IUQ4,90-124
DP02609,Q96PY5,150-204
DP02609,Q96PY5,150-204
DP02609,Q96PY5,169-173
DP02610,P22449,368-382
DP02611,Q8N1G2,126-140
DP02612,Q9Y6D6,50-63
DP02612,Q9Y6D6,50-63
DP02612,Q9Y6D6,1-13
DP02613,Q8K368,554-563
DP02613,Q8K368,554-563
DP02613,Q8K368,554-563
DP02613,Q8K368,554-563
DP02613,Q8K368,554-563
DP02614,Q3MIT2,234-243
DP02614,Q3MIT2,55-106
DP02615,O75817,1-28
DP02616,Q9BUL9,1-21
DP02616,Q9BUL9,158-199
DP02617,P21575,497-517
DP02617,P21575,497-517
DP02617,P21575,629-652
DP02617,P21575,629-652
DP02619,Q0WYX8,736-920
DP02620,Q14194,1-14
DP02620,Q14194,497-572
DP02620,Q14194,497-572
DP02621,P97427,491-525
DP02621,P97427,491-525
DP02622,Q15113,189-200
DP02622,Q15113,220-233
DP02622,Q15113,241-252
DP02622,Q15113,151-169
DP02622,Q15113,151-165
DP02622,Q15113,269-278
DP02623,P42003,215-256
DP02623,P42003,215-256
DP02624,P04775,1474-1486
DP02624,P04775,1474-1486
DP02624,P04775,1507-1526
DP02624,P04775,1507-1526
DP02625,Q920Q2,1135-1152
DP02626,Q9QUG2,546-616
DP02626,Q9QUG2,560-582
DP02626,Q9QUG2,566-575
DP02626,Q9QUG2,560-582
DP02627,Q8TEP8,201-214
DP02627,Q8TEP8,242-258
DP02627,Q8TEP8,242-258
DP02627,Q8TEP8,201-214
DP02628,O94986,1-15
DP02628,O94986,47-60
DP02630,O14958,371-399
DP02630,O14958,371-399
DP02630,O14958,371-399
DP02630,O14958,371-399
DP02630,O14958,371-399
DP02631,Q39026,215-224
DP02631,Q39026,215-224
DP02632,P31321,59-81
DP02632,P31321,59-81
DP02632,P31321,1-13
DP02633,P22605,454-481
DP02633,P22605,180-209
DP02633,P22605,180-209
DP02634,Q9UBV7,260-285
DP02634,Q9UBV7,260-285
DP02634,Q9UBV7,260-285
DP02634,Q9UBV7,260-285
DP02635,Q9ERE3,126-160
DP02635,Q9ERE3,126-160
DP02635,Q9ERE3,126-160
DP02635,Q9ERE3,126-160
DP02636,O88393,730-744
DP02636,O88393,730-744
DP02637,P07237,323-334
DP02637,P07237,348-357
DP02637,P07237,348-357
DP02637,P07237,479-508
DP02638,Q6ZPF4,615-634
DP02638,Q6ZPF4,615-634
DP02639,P78330,45-56
DP02639,P78330,45-56
DP02640,Q4F883,35-52
DP02640,Q4F883,35-52
DP02641,Q8GY88,55-81
DP02641,Q8GY88,212-227
DP02641,Q8GY88,212-227
DP02641,Q8GY88,212-227
DP02642,P53780,57-84
DP02642,P53780,57-84
DP02643,Q9MAB9,101-116
DP02644,Q9SUM3,263-303
DP02644,Q9SUM3,263-303
DP02644,Q9SUM3,73-303
DP02645,Q9HC35,45-64
DP02646,P23457,312-322
DP02647,O95278,69-79
DP02648,Q8GXX0,174-191
DP02648,Q8GXX0,174-191
DP02649,P01023,690-728
DP02649,P01023,690-728
DP02649,P01023,683-700
DP02649,P01023,683-700
DP02651,P30542,301-326
DP02652,Q96FQ6,51-71
DP02652,Q96FQ6,51-71
DP02653,P61765,295-358
DP02653,P61765,295-358
DP02653,P61765,295-358
DP02653,P61765,295-358
DP02654,Q9H5I1,379-392
DP02655,Q8ZQC8,1-35
DP02655,Q8ZQC8,64-74
DP02656,P08294,19-54
DP02656,P08294,19-54
DP02656,P08294,224-240
DP02656,P08294,224-240
DP02657,O88483,375-385
DP02657,O88483,445-475
DP02658,Q8N807,21-31
DP02658,Q8N807,21-44
DP02658,Q8N807,496-580
DP02658,Q8N807,496-580
DP02659,Q91ZW2,255-267
DP02660,Q9SKB2,225-270
DP02661,Q6ZVN8,130-145
DP02661,Q6ZVN8,130-145
DP02662,Q9VXJ0,44-55
DP02662,Q9VXJ0,88-98
DP02662,Q9VXJ0,373-387
DP02663,P0A9Q9,232-242
DP02664,Q81G39,397-413
DP02664,Q81G39,397-413
DP02665,Q9Y5C1,420-429
DP02667,P41780,20-31
DP02668,Q44522,167-179
DP02669,Q57530,166-182
DP02669,Q57530,164-184
DP02669,Q57530,164-184
DP02669,Q57530,164-184
DP02669,Q57530,164-184
DP02669,Q57530,164-184
DP02669,Q57530,164-184
DP02670,P15848,406-422
DP02671,P38111,1-235
DP02671,P38111,33-43
DP02671,P38111,1-32
DP02671,P38111,44-235
DP02671,P38111,1991-2003
DP02672,O35484,436-448
DP02672,O35484,294-310
DP02673,P11926,422-461
DP02673,P11926,1-18
DP02673,P11926,1-18
DP02673,P11926,422-461
DP02674,P54368,110-125
DP02674,P54368,69-92
DP02675,O14977,294-310
DP02675,O14977,433-448
DP02676,Q9HD36,107-121
DP02678,O75936,188-198
DP02679,Q8R464,25-120
DP02680,P23280,21-31
DP02681,B8ZXI1,292-326
DP02681,B8ZXI1,292-326
DP02682,P13797,1-20
DP02683,Q9DBG5,191-205
DP02683,Q9DBG5,289-320
DP02684,P53816,40-57
DP02684,P53816,40-57
DP02684,P53816,40-57
DP02685,P40999,84-95
DP02686,Q6XHB2,1180-1193
DP02686,Q6XHB2,1180-1193
DP02687,P24005,257-269
DP02687,P24005,1-24
DP02688,O96759,543-562
DP02688,O96759,543-562
DP02689,Q54BW5,164-179
DP02690,F4JL28,195-208
DP02690,F4JL28,221-234
DP02690,F4JL28,200-234
DP02691,Q92608,70-80
DP02691,Q92608,70-80
DP02691,Q92608,1621-1830
DP02691,Q92608,70-80
DP02691,Q92608,578-589
DP02691,Q92608,1257-1270
DP02692,Q6R327,1-191
DP02692,Q6R327,1017-1610
DP02692,Q6R327,1-595
DP02692,Q6R327,1-905
DP02692,Q6R327,905-1708
DP02692,Q6R327,1-1708
DP02693,Q9BPZ7,248-522
DP02693,Q9BPZ7,1-522
DP02693,Q9BPZ7,1-522
DP02693,Q9BPZ7,1-522
DP02693,Q9BPZ7,360-522
DP02694,Q8WUN7,1-20
DP02695,Q9JIP3,396-416
DP02696,Q9FLN8,1-24
DP02697,Q02363,1-23
DP02698,P54687,1-21
DP02699,Q6V1X1,138-164
DP02699,Q6V1X1,148-164
DP02699,Q6V1X1,1-47
DP02700,P0A8S9,83-116
DP02700,P0A8S9,83-116
DP02701,Q15631,218-228
DP02702,Q14995,386-395
DP02702,Q14995,470-479
DP02703,O00411,105-217
DP02703,O00411,592-602
DP02703,O00411,734-769
DP02703,O00411,1086-1108
DP02703,O00411,39-218
DP02703,O00411,592-602
DP02703,O00411,736-769
DP02703,O00411,1086-1108
DP02704,P41214,184-259
DP02704,P41214,348-373
DP02704,P41214,348-373
DP02704,P41214,184-259
DP02705,P45379,193-212
DP02705,P45379,272-288
DP02705,P45379,1-66
DP02706,Q9NXV2,212-234
DP02706,Q9NXV2,188-200
DP02707,P25891,163-179
DP02707,P25891,163-179
DP02709,P04035,861-888
DP02709,P04035,861-888
DP02709,P04035,861-888
DP02710,Q9BQ50,159-168
DP02710,Q9BQ50,159-168
DP02710,Q9BQ50,159-168
DP02710,Q9BQ50,159-168
DP02711,Q9V6K1,408-417
DP02711,Q9V6K1,442-456
DP02711,Q9V6K1,1027-1098
DP02712,Q9H3P2,189-528
DP02712,Q9H3P2,189-528
DP02712,Q9H3P2,189-528
DP02712,Q9H3P2,189-528
DP02712,Q9H3P2,189-528
DP02712,Q9H3P2,189-528
DP02713,P18615,139-363
DP02714,O60880,103-128
DP02715,P00452,737-761
DP02715,P00452,737-761
DP02716,P0A873,162-172
DP02716,P0A873,162-172
DP02717,O95071,2738-2747
DP02718,Q8ST83,116-144
DP02718,Q8ST83,171-246
DP02718,Q8ST83,171-246
DP02719,Q53FT3,88-106
DP02721,P32357,153-171
DP02721,P32357,153-171
DP02722,P33334,2087-2147
DP02722,P33334,2087-2147
DP02723,Q8VDP3,487-505
DP02723,Q8VDP3,487-505
DP02724,Q13838,34-44
DP02724,Q13838,34-44
DP02726,Q42521,1-11
DP02726,Q42521,449-502
DP02726,Q42521,449-470
DP02726,Q42521,471-502
DP02726,Q42521,471-502
DP02726,Q42521,1-57
DP02726,Q42521,471-502
DP02727,Q13526,39-50
DP02727,Q13526,39-50
DP02728,P42166,51-110
DP02728,P42166,51-110
DP02729,Q96EP1,446-472
DP02729,Q96EP1,446-472
DP02730,Q6P1M3,471-484
DP02730,Q6P1M3,631-708
DP02730,Q6P1M3,631-708
DP02730,Q6P1M3,471-484
DP02730,Q6P1M3,631-708
DP02731,Q5U651,187-197
DP02731,Q5U651,268-285
DP02731,Q5U651,268-285
DP02731,Q5U651,187-197
DP02732,Q8IWJ2,1547-1569
DP02733,P20340,175-206
DP02733,P20340,175-206
DP02734,P21517,1-131
DP02734,P21517,1-131
DP02734,P21517,1-131
DP02734,P21517,419-430
DP02735,P07355,2-33
DP02735,P07355,22-26
DP02735,P07355,2-33
DP02735,P07355,2-33
DP02735,P07355,2-15
DP02735,P07355,2-33
DP02735,P07355,2-33
DP02735,P07355,2-33
DP02736,Q04049,510-528
DP02736,Q04049,510-632
DP02736,Q04049,510-632
DP02737,Q9NWW9,40-51
DP02737,Q9NWW9,40-51
DP02738,P08581,1225-1244
DP02738,P08581,1225-1239
DP02738,P08581,1225-1244
DP02738,P08581,1225-1244
DP02739,P45352,1-20
DP02740,P08179,110-132
DP02740,P08179,110-132
DP02741,P09951,2-111
DP02741,P09951,7-11
DP02741,P09951,53-58
DP02741,P09951,85-89
DP02742,P06756,868-897
DP02742,P06756,868-897
DP02743,P97675,324-336
DP02743,P97675,473-492
DP02744,Q92574,978-992
DP02744,Q92574,939-992
DP02744,Q92574,939-992
DP02744,Q92574,939-992
DP02744,Q92574,939-992
DP02745,P05231,28-46
DP02745,P05231,28-46
DP02746,Q14565,271-289
DP02746,Q14565,271-289
DP02746,Q14565,1-82
DP02747,Q9GZN7,47-56
DP02748,P36871,256-267
DP02749,P09041,372-386
DP02749,P09041,372-386
DP02750,P17109,472-488
DP02750,P17109,472-488
DP02750,P17109,472-488
DP02751,Q03653,217-232
DP02752,P46951,470-483
DP02752,P46951,714-741
DP02753,Q13617,117-134
DP02753,Q13617,117-134
DP02753,Q13617,625-634
DP02753,Q13617,645-660
DP02754,Q9S7B5,347-363
DP02755,Q69ZK9,159-172
DP02756,P21447,627-686
DP02756,P21447,627-686
DP02756,P21447,627-683
DP02756,P21447,627-683
DP02757,Q9GZU1,1-59
DP02757,Q9GZU1,206-215
DP02757,Q9GZU1,527-580
DP02757,Q9GZU1,206-215
DP02757,Q9GZU1,573-578
DP02757,Q9GZU1,564-568
DP02757,Q9GZU1,48-59
DP02758,Q13563,198-215
DP02758,Q13563,494-503
DP02759,Q14181,1-156
DP02759,Q14181,79-156
DP02760,P76216,19-34
DP02760,P76216,19-34
DP02760,P76216,19-34
DP02761,P25299,127-232
DP02761,P25299,127-232
DP02761,P25299,127-232
DP02761,P25299,127-232
DP02761,P25299,127-232
DP02763,Q9VI75,4-21
DP02764,Q13162,1-75
DP02764,Q13162,1-75
DP02764,Q13162,1-271
DP02765,Q14118,163-179
DP02765,Q14118,163-179
DP02765,Q14118,305-315
DP02765,Q14118,163-179
DP02765,Q14118,163-179
DP02767,P15442,921-951
DP02767,P15442,861-882
DP02767,P15442,861-882
DP02767,P15442,1519-1537
DP02767,P15442,1519-1537
DP02767,P15442,665-767
DP02768,P09950,58-71
DP02768,P09950,83-113
DP02768,P09950,83-113
DP02768,P09950,147-156
DP02768,P09950,147-156
DP02768,P09950,538-548
DP02768,P09950,538-548
DP02769,P06782,200-214
DP02769,P06782,197-212
DP02769,P06782,197-212
DP02770,P01127,106-119
DP02770,P01127,106-119
DP02770,P01127,106-119
DP02772,P0DTC2,70-79
DP02772,P0DTC2,144-164
DP02772,P0DTC2,173-185
DP02772,P0DTC2,246-262
DP02772,P0DTC2,469-488
DP02772,P0DTC2,621-640
DP02772,P0DTC2,677-687
DP02772,P0DTC2,828-853
DP02772,P0DTC2,1148-1273
DP02772,P0DTC2,1-26
DP02772,P0DTC2,67-80
DP02772,P0DTC2,142-154
DP02772,P0DTC2,246-262
DP02772,P0DTC2,455-490
DP02772,P0DTC2,621-637
DP02772,P0DTC2,673-686
DP02772,P0DTC2,829-852
DP02772,P0DTC2,1147-1208
DP02772,P0DTC2,319-332
DP02772,P0DTC2,527-541
DP02772,P0DTC2,319-332
DP02772,P0DTC2,527-541
DP02772,P0DTC2,319-541
DP02772,P0DTC2,319-335
DP02772,P0DTC2,519-541
DP02772,P0DTC2,680-685
DP02772,P0DTC2,681-686
DP02772,P0DTC2,437-508
DP02772,P0DTC2,681-686
DP02772,P0DTC2,16-21
DP02772,P0DTC2,330-335
DP02772,P0DTC2,73-78
DP02772,P0DTC2,148-153
DP02772,P0DTC2,1157-1162
DP02772,P0DTC2,1172-1177
DP02772,P0DTC2,1194-1198
DP02772,P0DTC2,319-541
DP02781,Q9UPY3,1003-1029
DP02781,Q9UPY3,1003-1013
DP02781,Q9UPY3,1013-1029
DP02782,Q9NPI8,211-234
DP02782,Q9NPI8,177-188
DP02783,P49189,232-255
DP02783,P49189,232-255
DP02784,P16892,164-179
DP02785,P16278,531-544
DP02785,P16278,531-544
DP02785,P16278,648-677
DP02786,Q9Y823,406-418
DP02786,Q9Y823,129-141
DP02786,Q9Y823,129-141
DP02786,Q9Y823,320-333
DP02786,Q9Y823,320-333
DP02786,Q9Y823,320-333
DP02787,P45523,26-39
DP02787,P45523,15-114
DP02787,P45523,253-270
DP02787,P45523,253-270
DP02789,Q62902,31-49
DP02790,Q8BTI9,1-12
DP02790,Q8BTI9,299-319
DP02790,Q8BTI9,402-431
DP02790,Q8BTI9,514-524
DP02790,Q8BTI9,299-319
DP02791,O08908,423-440
DP02791,O08908,576-607
DP02791,O08908,423-440
DP02791,O08908,576-607
DP02791,O08908,576-607
DP02792,P42337,310-322
DP02792,P42337,310-322
DP02792,P42337,501-525
DP02792,P42337,501-525
DP02793,Q63716,176-199
DP02794,P22234,37-51
DP02794,P22234,221-238
DP02795,Q9NV23,1-24
DP02795,Q9NV23,59-76
DP02795,Q9NV23,59-76
DP02796,Q56026,110-132
DP02797,P20061,318-330
DP02797,P20061,318-330
DP02797,P20061,1-23
DP02798,P23771,304-314
DP02798,P23771,304-314
DP02798,P23771,304-314
DP02798,P23771,304-314
DP02799,P34257,104-135
DP02799,P34257,104-135
DP02800,P63028,39-66
DP02800,P63028,39-66
DP02801,P05452,22-46
DP02801,P05452,1-49
DP02801,P05452,1-49
DP02802,Q921Z5,1-12
DP02802,Q921Z5,1-12
DP02802,Q921Z5,1-12
DP02803,Q96Q11,128-139
DP02803,Q96Q11,384-434
DP02804,P61587,1-19
DP02804,P61587,1-19
DP02804,P61587,1-19
DP02805,Q91WA6,301-341
DP02805,Q91WA6,301-341
DP02806,P0CY08,103-132
DP02806,P0CY08,113-132
DP02806,P0CY08,103-132
DP02806,P0CY08,110-128
DP02806,P0CY08,110-128
DP02806,P0CY08,114-121
DP02806,P0CY08,190-210
DP02806,P0CY08,193-203
DP02806,P0CY08,193-203
DP02806,P0CY08,190-205
DP02806,P0CY08,190-205
DP02808,P53927,179-191
DP02808,P53927,181-220
DP02808,P53927,181-220
DP02808,P53927,181-220
DP02808,P53927,181-220
DP02808,P53927,1-87
DP02808,P53927,181-220
DP02808,P53927,181-220
DP02808,P53927,1-80
DP02809,P53193,47-60
DP02809,P53193,91-100
DP02809,P53193,91-100
DP02810,P02469,494-540
DP02811,Q8K419,2-12
DP02812,A6NI73,147-157
DP02812,A6NI73,147-157
DP02812,A6NI73,147-157
DP02815,P62330,34-56
DP02815,P62330,34-56
DP02815,P62330,34-56
DP02815,P62330,34-56
DP02815,P62330,34-56
DP02816,P48740-3,364-380
DP02817,Q64373,28-81
DP02817,Q64373,28-81
DP02818,Q07157,589-627
DP02818,Q07157,589-627
DP02818,Q07157,675-687
DP02818,Q07157,265-420
DP02818,Q07157,795-1631
DP02819,Q62420,1-26
DP02819,Q62420,67-86
DP02819,Q62420,67-86
DP02820,Q62264,77-104
DP02820,Q62264,1-150
DP02820,Q62264,1-150
DP02822,Q8IVH8,315-380
DP02822,Q8IVH8,315-380
DP02822,Q8IVH8,315-380
DP02823,Q9UKY0,24-51
DP02824,Q14019,132-142
DP02824,Q14019,132-142
DP02825,P31153,116-126
DP02825,P31153,116-126
DP02825,P31153,116-126
DP02825,P31153,116-126
DP02825,P31153,117-129
DP02826,P40344,1-20
DP02826,P40344,84-128
DP02826,P40344,143-162
DP02826,P40344,84-162
DP02826,P40344,84-162
DP02826,P40344,129-142
DP02826,P40344,1-20
DP02826,P40344,84-128
DP02826,P40344,142-162
DP02826,P40344,247-280
DP02826,P40344,270-273
DP02826,P40344,270-273
DP02826,P40344,82-165
DP02826,P40344,82-165
DP02826,P40344,82-165
DP02827,P22523,59-76
DP02828,Q9W058,281-291
DP02828,Q9W058,281-291
DP02829,P46379,1057-1112
DP02829,P46379,1048-1123
DP02829,P46379,1048-1123
DP02829,P46379,1048-1123
DP02829,P46379,1048-1123
DP02829,P46379,1048-1123
DP02829,P46379,1048-1123
DP02829,P46379,1048-1123
DP02829,P46379,395-1029
DP02830,Q91YD9,419-428
DP02830,Q91YD9,419-428
DP02831,Q13164,1-46
DP02831,Q13164,1-46
DP02832,Q7L2J0,492-545
DP02832,Q7L2J0,400-689
DP02832,Q7L2J0,400-689
DP02832,Q7L2J0,418-431
DP02832,Q7L2J0,418-431
DP02832,Q7L2J0,665-676
DP02832,Q7L2J0,665-676
DP02833,Q9Y4F1,862-909
DP02833,Q9Y4F1,862-909
DP02834,Q9Y2Z0,262-276
DP02834,Q9Y2Z0,262-276
DP02834,Q9Y2Z0,262-276
DP02834,Q9Y2Z0,262-276
DP02835,Q14849,216-230
DP02835,Q14849,216-230
DP02836,P24785,81-164
DP02836,P24785,81-164
DP02836,P24785,1-142
DP02836,P24785,311-321
DP02836,P24785,1159-1293
DP02836,P24785,1-104
DP02837,Q9QXN5,1-28
DP02838,P20807,269-320
DP02838,P20807,269-320
DP02838,P20807,269-320
DP02838,P20807,269-320
DP02839,O43070,330-553
DP02839,O43070,330-553
DP02839,O43070,275-286
DP02839,O43070,330-553
DP02839,O43070,474-531
DP02839,O43070,477-526
DP02839,O43070,477-526
DP02839,O43070,477-526
DP02840,O60934,272-295
DP02840,O60934,276-280
DP02840,O60934,335-392
DP02842,Q09683,101-116
DP02842,Q09683,101-116
DP02842,Q09683,101-116
DP02847,P47110,117-350
DP02847,P47110,337-345
DP02847,P47110,337-345
DP02847,P47110,337-345
DP02848,P15436,1007-1051
DP02848,P15436,1007-1051
DP02849,O43521,1-41
DP02849,O43521,1-41
DP02849,O43521,1-41
DP02849,O43521,97-164
DP02849,O43521,97-164
DP02849,O43521,97-164
DP02849,O43521,142-164
DP02849,O43521,143-165
DP02849,O43521,143-165
DP02849,O43521,142-165
DP02849,O43521,141-165
DP02849,O43521,141-165
DP02850,O60239,266-452
DP02851,Q5FWF5,740-753
DP02851,Q5FWF5,1-15
DP02852,P55197,179-188
DP02852,P55197,179-190
DP02852,P55197,179-190
DP02852,P55197,1-23
DP02852,P55197,179-188
DP02853,Q99P68,1-51
DP02853,Q99P68,143-211
DP02853,Q99P68,1-51
DP02853,Q99P68,143-211
DP02853,Q99P68,26-30
DP02853,Q99P68,148-152
DP02854,Q9BYF1,769-805
DP02854,Q9BYF1,779-783
DP02855,P11166,456-492
DP02855,P11166,456-492
DP02856,P83916,73-107
DP02856,P83916,73-107
DP02856,P83916,73-107
DP02856,P83916,176-185
DP02856,P83916,176-185
DP02856,P83916,73-107
DP02858,P18206-2,844-876
DP02858,P18206-2,857-879
DP02858,P18206-2,857-879
DP02858,P18206-2,857-867
DP02858,P18206-2,870-879
DP02858,P18206-2,870-879
DP02858,P18206-2,857-867
DP02858,P18206-2,857-879
DP02860,P55211,289-334
DP02860,P55211,316-321
DP02860,P55211,316-321
DP02862,P08670,99-144
DP02862,P08670,99-144
DP02862,P08670,99-144
DP02862,P08670,99-144
DP02863,P62558,272-323
DP02863,P62558,275-323
DP02863,P62558,275-323
DP02863,P62558,275-323
DP02864,P83917,79-103
DP02864,P83917,79-103
DP02865,P05205,131-140
DP02865,P05205,131-140
DP02866,A1Z9S6,2415-2512
DP02866,A1Z9S6,2415-2512
DP02866,A1Z9S6,2415-2512
DP02866,A1Z9S6,2415-2512
DP02867,P40381,1-74
DP02867,P40381,140-264
DP02867,P40381,140-264
DP02867,P40381,140-264
DP02868,Q9Y5S9,50-63
DP02869,Q16630,13-80
DP02869,Q16630,173-235
DP02869,Q16630,481-519
DP02869,Q16630,531-550
DP02869,Q16630,492-496
DP02869,Q16630,498-502
DP02869,Q16630,509-515
DP02869,Q16630,481-551
DP02870,P22893,129-163
DP02871,Q5D1E7,296-339
DP02871,Q5D1E7,301-326
DP02871,Q5D1E7,301-326
DP02872,Q8N5H7,756-769
DP02873,P97465,257-266
DP02874,Q61033,472-491
DP02874,Q61033,51-110
DP02874,Q61033,51-110
DP02875,P55789,81-93
DP02876,Q8N884,289-305
DP02878,Q8XAD5,1-63
DP02878,Q8XAD5,1-63
DP02878,Q8XAD5,1-63
DP02878,Q8XAD5,1-63
DP02878,Q8XAD5,29-41
DP02878,Q8XAD5,15-34
DP02878,Q8XAD5,15-34
DP02878,Q8XAD5,42-61
DP02878,Q8XAD5,42-61
DP02878,Q8XAD5,5-49
DP02878,Q8XAD5,1-12
DP02878,Q8XAD5,1-15
DP02878,Q8XAD5,29-41
DP02879,P59594,1-17
DP02879,P59594,661-673
DP02879,P59594,812-831
DP02879,P59594,1120-1196
DP02879,P59594,661-673
DP02879,P59594,661-673
DP02879,P59594,661-674
DP02879,P59594,1059-1196
DP02879,P59594,810-830
DP02879,P59594,1105-1193
DP02880,K9N5Q8,699-709
DP02880,K9N5Q8,745-756
DP02880,K9N5Q8,1207-1294
DP02880,K9N5Q8,367-379
DP02880,K9N5Q8,427-437
DP02880,K9N5Q8,579-589
DP02880,K9N5Q8,366-380
DP02880,K9N5Q8,367-380
DP02880,K9N5Q8,591-601
DP02881,Q09428,621-676
DP02881,Q09428,621-676
DP02882,Q6A070,595-620
DP02883,F1QR43,51-72
DP02884,F1RE08,305-316
DP02884,F1RE08,232-243
DP02885,Q10589,79-89
DP02885,Q10589,79-89
DP02886,Q5QGG3,184-202
DP02886,Q5QGG3,66-102
DP02886,Q5QGG3,87-106
DP02886,Q5QGG3,87-106
DP02886,Q5QGG3,87-106
DP02887,P62944,7-18
DP02887,P62944,7-18
DP02887,P62944,7-18
DP02887,P62944,7-18
DP02887,P62944,7-18
DP02887,P62944,7-18
DP02887,P62944,7-18
DP02888,Q70627,60-71
DP02888,Q70627,149-180
DP02889,P03407,155-179
DP02889,P03407,155-181
DP02889,P03407,157-179
DP02889,P03407,157-179
DP02889,P03407,157-179
DP02889,P03407,157-179
DP02889,P03407,154-180
DP02890,Q7K5N4,195-210
DP02890,Q7K5N4,304-334
DP02891,Q9V727,310-340
DP02891,Q9V727,254-273
DP02892,Q3UND0,65-105
DP02892,Q3UND0,65-105
DP02894,Q9BZZ5-2,322-335
DP02894,Q9BZZ5-2,455-504
DP02894,Q9BZZ5-2,455-504
DP02894,Q9BZZ5-2,455-475
DP02895,Q96E14,1-16
DP02896,Q91VS8,869-906
DP02896,Q91VS8,869-906
DP02897,Q90VU7,27-56
DP02897,Q90VU7,162-174
DP02897,Q90VU7,158-168
DP02897,Q90VU7,160-165
DP02897,Q90VU7,168-179
DP02898,P35585,219-231
DP02898,P35585,218-231
DP02898,P35585,218-231
DP02898,P35585,218-231
DP02899,P23873,73-88
DP02899,P23873,73-88
DP02900,P0A968,1-74
DP02901,J7QA90,73-88
DP02901,J7QA90,44-88
DP02901,J7QA90,44-88
DP02901,J7QA90,44-88
DP02901,J7QA90,44-88
DP02901,J7QA90,44-88
DP02903,P78953,1-452
DP02903,P78953,1-452
DP02903,P78953,1-452
DP02903,P78953,1-308
DP02903,P78953,1-452
DP02903,P78953,1-452
DP02903,P78953,1-452
DP02903,P78953,1-452
DP02904,Q8NBI3,225-243
DP02904,Q8NBI3,225-243
DP02904,Q8NBI3,25-245
DP02904,Q8NBI3,225-243
DP02904,Q8NBI3,225-243
DP02908,P53853,226-264
DP02908,P53853,226-264
DP02908,P53853,226-264
DP02910,P28023,108-191
DP02910,P28023,108-191
DP02910,P28023,108-191
DP02910,P28023,115-145
DP02910,P28023,132-152
DP02910,P28023,1-18
DP02910,P28023,1-18
DP02910,P28023,1-18
DP02911,Q8N3V7,545-613
DP02911,Q8N3V7,545-613
DP02911,Q8N3V7,545-613
DP02911,Q8N3V7,1-929
DP02913,P04004,48-130
DP02913,P04004,1-130
DP02913,P04004,1-130
DP02913,P04004,1-130
DP02913,P04004,1-130
DP02913,P04004,1-71
DP02913,P04004,59-70
DP02913,P04004,22-58
DP02913,P04004,22-58
DP02913,P04004,22-58
DP02915,P48443,2-127
DP02915,P48443,2-127
DP02915,P48443,2-127
DP02915,P48443,2-127
DP02915,P48443,2-127
DP02915,P48443,2-127
DP02916,Q14444,607-709
DP02916,Q14444,607-709
DP02916,Q14444,607-709
DP02916,Q14444,607-709
DP02917,Q02521,10-185
DP02917,Q02521,10-150
DP02917,Q02521,10-185
DP02917,Q02521,100-150
DP02917,Q02521,100-150
DP02917,Q02521,100-110
DP02918,P17947,118-165
DP02918,P17947,118-165
DP02918,P17947,118-165
DP02918,P17947,118-165
DP02918,P17947,128-148
DP02918,P17947,118-165
DP02919,Q9SQK3,40-112
DP02919,Q9SQK3,40-112
DP02919,Q9SQK3,40-112
DP02919,Q9SQK3,40-112
DP02920,Q05753,37-231
DP02920,Q05753,37-231
DP02920,Q05753,37-231
DP02920,Q05753,37-231
DP02921,P26368,231-258
DP02921,P26368,250-259
DP02921,P26368,231-235
DP02921,P26368,231-258
DP02921,P26368,231-258
DP02922,P01215,33-57
DP02922,P01215,1-10
DP02923,P33128,122-132
DP02923,P33128,122-132
DP02924,P0C6X7,1-12
DP02924,P0C6X7,129-179
DP02924,P0C6X7,75-87
DP02925,P0DTD1,1782-1796
DP02925,P0DTD1,4254-4270
DP02925,P0DTD1,3931-3942
DP02925,P0DTD1,3932-3942
DP02925,P0DTD1,3943-4020
DP02925,P0DTD1,3995-4020
DP02925,P0DTD1,3932-3942
DP02925,P0DTD1,3982-4007
DP02925,P0DTD1,3948-4020
DP02925,P0DTD1,1-147
DP02925,P0DTD1,129-147
DP02925,P0DTD1,4254-4271
DP02925,P0DTD1,3837-3846
DP02925,P0DTD1,3660-3681
DP02925,P0DTD1,3660-3681
DP02925,P0DTD1,3660-3681
DP02925,P0DTD1,3660-3681
DP02925,P0DTD1,3660-3681
DP02925,P0DTD1,148-180
DP02925,P0DTD1,148-180
DP02925,P0DTD1,163-167
DP02925,P0DTD1,163-167
DP02926,A8BB85,135-160
DP02927,Q26997,116-126
DP02928,A0A220GHA5,1-22
DP02928,A0A220GHA5,1-22
DP02928,A0A220GHA5,1-22
DP02929,P0A2N1,1-26
DP02930,Q9Y6I3,1-18
DP02930,Q9Y6I3,1-18
DP02930,Q9Y6I3,1-18
DP02930,Q9Y6I3,1-18
DP02930,Q9Y6I3,1-18
DP02931,Q9RQJ2,464-484
DP02931,Q9RQJ2,464-484
DP02933,Q9KRE7,1-21
DP02934,Q8I2X3,122-136
DP02935,A0A0F7RL08,326-344
DP02936,A0A3S5Y0Q5,27-66
DP02937,A0A0H3MCR9,1-13
DP02939,O61130,297-334
DP02939,O61130,205-215
DP02939,O61130,403-412
DP02940,P07749,1-17
DP02940,P07749,1-17
DP02941,P50490,513-546
DP02941,P50490,439-479
DP02943,P63101,234-245
DP02945,Q96RD7,163-190
DP02945,Q96RD7,163-190
DP02945,Q96RD7,374-426
DP02945,Q96RD7,374-426
DP02946,Q2VL32,278-314
DP02946,Q2VL32,278-314
DP02946,Q2VL32,278-314
DP02947,A7L035,22-47
DP02947,A7L035,22-47
DP02948,J7JU64,29-68
DP02948,J7JU64,29-68
DP02949,O25555,96-125
DP02949,O25555,96-125
DP02949,O25555,96-125
DP02949,O25555,96-125
DP02950,P0C079,43-65
DP02950,P0C079,43-79
DP02950,P0C079,52-79
DP02950,P0C079,52-79
DP02950,P0C079,47-79
DP02950,P0C079,47-79
DP02950,P0C079,47-79
DP02950,P0C079,47-79
DP02950,P0C079,47-79
DP02950,P0C079,47-79
DP02951,P01501,44-70
DP02951,P01501,44-70
DP02951,P01501,58-63
DP02951,P01501,44-69
DP02951,P01501,63-68
DP02951,P01501,63-68
DP02951,P01501,44-70
DP02953,P08572,1629-1638
DP02953,P08572,1680-1696
DP02953,P08572,1680-1696
DP02953,P08572,1629-1638
DP02953,P08572,1629-1638
DP02953,P08572,1680-1696
DP02954,Q12888,1750-1768
DP02954,Q12888,1741-1767
DP02954,Q12888,1-1483
DP02954,Q12888,1140-1225
DP02954,Q12888,1140-1225
DP02954,Q12888,1150-1157
DP02954,Q12888,1167-1174
DP02954,Q12888,1192-1199
DP02956,O70200,1-16
DP02956,O70200,124-147
DP02957,P47992,90-114
DP02957,P47992,90-114
DP02957,P47992,97-114
DP02957,P47992,82-114
DP02958,Q55DL0,491-503
DP02959,P42527,810-841
DP02959,P42527,810-841
DP02959,P42527,806-841
DP02959,P42527,822-830
DP02959,P42527,823-827
DP02959,P42527,823-831
DP02960,P00880,410-472
DP02960,P00880,410-472
DP02960,P00880,410-472
DP02960,P00880,410-472
DP02960,P00880,410-472
DP02960,P00880,410-472
DP02960,P00880,461-466
DP02960,P00880,460-470
DP02961,Q9SR19,438-449
DP02961,Q9SR19,270-285
DP02962,Q9SN68,32-44
DP02962,Q9SN68,32-44
DP02962,Q9SN68,32-44
DP02962,Q9SN68,32-44
DP02964,M0Y2D5,173-355
DP02964,M0Y2D5,172-355
DP02964,M0Y2D5,172-250
DP02965,F6IAY2,177-346
DP02965,F6IAY2,177-346
DP02965,F6IAY2,177-346
DP02965,F6IAY2,177-346
DP02965,F6IAY2,177-346
DP02965,F6IAY2,250-346
DP02965,F6IAY2,250-346
DP02965,F6IAY2,177-346
DP02965,F6IAY2,177-346
DP02965,F6IAY2,177-346
DP02965,F6IAY2,177-346
DP02965,F6IAY2,177-346
DP02966,Q9SU24,216-234
DP02966,Q9SU24,216-234
DP02967,Q05128,219-231
DP02967,Q05128,309-326
DP02968,Q44177,115-134
DP02968,Q44177,110-134
DP02969,O80837,1-77
DP02969,O80837,1-77
DP02969,O80837,1-61
DP02969,O80837,177-190
DP02969,O80837,1-77
DP02969,O80837,64-68
DP02969,O80837,64-68
DP02971,Q5JRX3,774-787
DP02975,P06734,150-159
DP02975,P06734,293-321
DP02975,P06734,244-258
DP02976,Q05193,347-356
DP02976,Q05193,500-517
DP02976,Q05193,632-652
DP02976,Q05193,394-404
DP02976,Q05193,500-517
DP02976,Q05193,632-652
DP02977,O75962,1494-1507
DP02978,Q9BSQ5,160-190
DP02978,Q9BSQ5,377-420
DP02980,Q4V8K1,1-18
DP02981,P04275,1478-1493
DP02982,O01479,196-221
DP02983,Q9DEA6,146-164
DP02984,P09446,615-640
DP02985,P0A6Y8,606-638
DP02986,P63018,622-646
DP02987,Q22942,1-31
DP02987,Q22942,265-296
DP02988,P34704,165-175
DP02989,Q03611,1-105
DP02989,Q03611,621-733
DP02989,Q03611,1-103
DP02989,Q03611,620-733
DP02990,Q9U489,730-757
DP02991,Q9XTW2,120-129
DP02991,Q9XTW2,488-512
DP02993,Q9RFD6,1-29
DP02993,Q9RFD6,16-29
DP02993,Q9RFD6,16-29
DP02993,Q9RFD6,16-29
DP02993,Q9RFD6,1-29
DP02993,Q9RFD6,1-29
DP02995,Q84MC7,1-12
DP02995,Q84MC7,1-17
DP02996,O85041,260-603
DP02996,O85041,604-839
DP02999,P34808,1-172
DP02999,P34808,297-306
DP02999,P34808,85-140
DP02999,P34808,1-156
DP02999,P34808,1-172
DP02999,P34808,1-84
DP02999,P34808,85-172
DP03000,Q997F2,1-456
DP03000,Q997F2,1-456
DP03000,Q997F2,1-456
DP03000,Q997F2,1-456
DP03000,Q997F2,1-456
DP03000,Q997F2,1-406
DP03000,Q997F2,1-406
DP03000,Q997F2,1-456
DP03000,Q997F2,409-456
DP03000,Q997F2,1-456
DP03000,Q997F2,409-426
DP03000,Q997F2,412-426
DP03000,Q997F2,409-423
DP03000,Q997F2,1-456
DP03000,Q997F2,412-423
DP03000,Q997F2,1-456
DP03000,Q997F2,1-456
DP03000,Q997F2,1-456
DP03000,Q997F2,1-456
DP03000,Q997F2,1-456
DP03000,Q997F2,1-456
DP03001,O55777,1-457
DP03001,O55777,1-457
DP03001,O55777,1-457
DP03001,O55777,1-457
DP03001,O55777,1-457
DP03001,O55777,1-457
DP03001,O55777,173-178
DP03001,O55777,173-178
DP03001,O55777,173-178
DP03001,O55777,1-457
DP03001,O55777,1-457
DP03001,O55777,1-457
DP03001,O55777,51-405
DP03001,O55777,51-405
DP03001,O55777,1-50
DP03001,O55777,1-457
DP03001,O55777,1-457
DP03001,O55777,1-405
DP03001,O55777,1-50
DP03001,O55777,1-457
DP03001,O55777,1-457
DP03001,O55777,1-457
DP03001,O55777,1-457
DP03001,O55777,1-457
DP03001,O55777,1-457
DP03002,P59636,26-37
DP03003,P0DTC3,1-39
DP03003,P0DTC3,239-275
DP03003,P0DTC3,1-41
DP03003,P0DTC3,36-40
DP03003,P0DTC3,36-40
DP03003,P0DTC3,36-40
DP03004,P58004,296-309
DP03004,P58004,240-255
DP03004,P58004,295-307
DP03004,P58004,1-65
DP03004,P58004,241-255
DP03004,P58004,296-309
DP03004,P58004,222-232
DP03004,P58004,222-232
DP03004,P58004,241-255
DP03004,P58004,295-307
DP03004,P58004,240-255
DP03004,P58004,1-65
DP03005,Q53TN4,231-286
DP03006,O95843,186-209
DP03006,O95843,1-22
DP03007,P97784,167-177
DP03007,P97784,498-606
DP03007,P97784,471-606
DP03007,P97784,564-591
DP03007,P97784,565-595
DP03007,P97784,565-595
DP03007,P97784,564-591
DP03007,P97784,564-591
DP03007,P97784,494-497
DP03007,P97784,494-497
DP03007,P97784,494-497
DP03007,P97784,494-497
DP03007,P97784,494-497
DP03007,P97784,494-497
DP03007,P97784,494-497
DP03008,P53104,332-586
DP03010,Q5D1E8,297-334
DP03010,Q5D1E8,112-133
DP03011,P51787,574-584
DP03012,P40818,888-898
DP03012,P40818,734-761
DP03013,Q16821,1-60
DP03013,Q16821,83-99
DP03014,P62137,300-330
DP03015,Q86XI6,31-58
DP03015,Q86XI6,78-105
DP03016,P11274,622-638
DP03016,P11274,624-637
DP03018,P10565,1-34
DP03019,P30996,205-214
DP03019,P30996,249-260
DP03019,P30996,416-439
DP03020,O06522,18-56
DP03021,F2WK69,88-164
DP03022,I1WVY3,2948-2987
DP03023,P43528,251-263
DP03023,P43528,251-263
DP03023,P43528,251-263
DP03023,P43528,258-263
DP03024,Q7B8V4,199-210
DP03024,Q7B8V4,245-255
DP03026,A0A384E149,414-439
DP03027,Q81AN8,319-329
DP03027,Q81AN8,319-329
DP03027,Q81AN8,319-329
DP03027,Q81AN8,319-329
DP03028,A0A0H3GD84,25-38
DP03029,Q9ZKK2,1-11
DP03032,P76063,80-98
DP03034,Q48245,333-367
DP03034,Q48245,339-350
DP03034,Q48245,339-350
DP03035,P35269,55-92
DP03037,Q96GX5,855-879
DP03039,Q00653,702-725
DP03040,A8ULG6,162-175
DP03042,Q9UBU7,255-293
DP03043,Q9JJW6,19-74
DP03043,Q9JJW6,19-58
DP03043,Q9JJW6,29-41
DP03043,Q9JJW6,23-48
DP03043,Q9JJW6,19-53
DP03043,Q9JJW6,24-48
DP03044,Q9UIF9,496-519
DP03044,Q9UIF9,622-664
DP03044,Q9UIF9,1731-1797
DP03045,P30429-2,1-105
DP03046,Q9J0X9,1-160
DP03046,Q9J0X9,1-160
DP03046,Q9J0X9,138-150
DP03046,Q9J0X9,138-150
DP03046,Q9J0X9,138-150
DP03047,O62301,194-210
DP03047,O62301,255-288
DP03048,Q9XWJ1,124-133
DP03048,Q9XWJ1,153-171
DP03048,Q9XWJ1,285-307
DP03048,Q9XWJ1,124-133
DP03048,Q9XWJ1,107-139
DP03048,Q9XWJ1,150-176
DP03048,Q9XWJ1,150-176
DP03048,Q9XWJ1,107-139
DP03049,Q18235,193-244
DP03049,Q18235,1-117
DP03049,Q18235,118-192
DP03049,Q18235,118-192
DP03050,G5ED39,391-446
DP03050,G5ED39,590-628
DP03050,G5ED39,1-10
DP03050,G5ED39,1141-1262
DP03051,O54952,1801-1817
DP03052,Q06486,297-314
DP03054,P91870,11-44
DP03054,P91870,1-46
DP03054,P91870,1-46
DP03054,P91870,11-44
DP03054,P91870,1-46
DP03054,P91870,1-46
DP03056,P13199,8-107
DP03056,P13199,64-107
DP03056,P13199,64-79
DP03056,P13199,81-92
DP03056,P13199,94-105
DP03056,P13199,81-89
DP03056,P13199,8-107
DP03056,P13199,81-92
DP03056,P13199,8-107
DP03056,P13199,8-107
DP03056,P13199,8-107
DP03057,Q20728,91-120
DP03057,Q20728,91-120
DP03058,Q58F21,144-257
DP03058,Q58F21,144-257
DP03058,Q58F21,209-220
DP03058,Q58F21,209-220
DP03058,Q58F21,583-947
DP03059,Q15059,429-556
DP03059,Q15059,645-726
DP03060,P60340,124-152
DP03061,P54132,1093-1106
DP03061,P54132,1091-1110
DP03061,P54132,1004-1014
DP03061,P54132,1092-1107
DP03061,P54132,1195-1207
DP03061,P54132,1195-1207
DP03062,P40692,86-97
DP03062,P40692,301-319
DP03063,Q9BRZ2,1-17
DP03065,P51400,148-230
DP03065,P51400,148-230
DP03065,P51400,152-232
DP03065,P51400,152-232
DP03066,O16043,1-183
DP03066,O16043,1-183
DP03066,O16043,1-183
DP03066,O16043,1-183
DP03066,O16043,1-183
DP03066,O16043,1-183
DP03067,Q07475,1-68
DP03068,P24348,1036-1047
DP03068,P24348,1036-1047
DP03068,P24348,1036-1047
DP03069,P34712,666-715
DP03069,P34712,1307-1321
DP03069,P34712,666-715
DP03070,Q8TEQ6,1297-1412
DP03070,Q8TEQ6,1297-1412
DP03071,Q92499,72-85
DP03072,P53420,1656-1671
DP03072,P53420,1656-1671
DP03073,P26285,1-27
DP03073,P26285,452-531
DP03074,O60825,1-30
DP03074,O60825,451-505
DP03075,Q9H3M7,300-317
DP03076,P0A910,39-51
DP03076,P0A910,167-180
DP03078,P76045,241-252
DP03080,Q9Z214,144-163
DP03081,P0DJI8,74-85
DP03082,P05367,89-102
DP03083,Q9VNE4,21-60
DP03085,Q0PF16,40-54
DP03088,Q9BV68,41-66
DP03090,Q20363,1-17
DP03091,P0AG86,143-155
DP03091,P0AG86,143-155
DP03091,P0AG86,143-155
DP03091,P0AG86,143-153
DP03092,O00308,662-702
DP03093,Q9SSN3,45-58
DP03094,Q9SEL7,111-127
DP03094,Q9SEL7,286-295
DP03096,O04147,103-113
DP03098,P02774,107-125
DP03098,P02774,107-127
DP03099,P68135,41-53
DP03099,P68135,367-377
DP03099,P68135,42-52
DP03100,Q14258,361-433
DP03100,Q14258,361-433
DP03101,O15344,87-116
DP03101,O15344,87-116
DP03102,O44326,613-678
DP03102,O44326,613-678
DP03102,O44326,613-678
DP03104,P29590,94-104
DP03105,Q967F4,2850-2875
DP03105,Q967F4,2850-2875
DP03105,Q967F4,2910-2920
DP03105,Q967F4,2841-2920
DP03105,Q967F4,2841-2920
DP03106,P34369,2308-2329
DP03107,Q23229,29-38
DP03108,P15374,147-166
DP03108,P15374,147-166
DP03109,Q9BYI3,149-253
DP03110,Q9FIX2,151-165
DP03111,O23813,53-62
DP03112,P49235,55-65
DP03112,P49235,556-566
DP03113,Q6ZNA4,927-937
DP03113,Q6ZNA4,300-386
DP03114,Q86TV6,343-358
DP03114,Q86TV6,619-686
DP03114,Q86TV6,197-212
DP03114,Q86TV6,157-166
DP03115,Q6P4R8,483-495
DP03116,O95155,1208-1227
DP03116,O95155,1208-1225
DP03116,O95155,1208-1222
DP03118,P30793,42-57
DP03118,P30793,1-42
DP03120,Q9HC77,311-348
DP03120,Q9HC77,361-422
DP03121,P11686,151-182
DP03121,P11686,59-89
DP03121,P11686,59-89
DP03122,Q14691,146-196
DP03122,Q14691,146-196
DP03123,Q9BRX5,194-216
DP03123,Q9BRX5,194-216
DP03124,O95835,622-635
DP03124,O95835,361-567
DP03125,O14965,279-288
DP03125,O14965,107-127
DP03125,O14965,389-403
DP03125,O14965,273-292
DP03125,O14965,107-127
DP03125,O14965,279-290
DP03126,Q9WTL8,497-632
DP03126,Q9WTL8,497-632
DP03126,Q9WTL8,584-632
DP03126,Q9WTL8,584-632
DP03126,Q9WTL8,497-632
DP03126,Q9WTL8,584-632
DP03126,Q9WTL8,497-632
DP03126,Q9WTL8,584-632
DP03127,Q9R194,489-592
DP03127,Q9R194,489-592
DP03127,Q9R194,489-592
DP03127,Q9R194,489-592
DP03129,O08679,38-48
DP03129,O08679,193-210
DP03130,Q7KZI7,197-209
DP03130,Q7KZI7,196-211
DP03130,Q7KZI7,196-211
DP03130,Q7KZI7,206-210
DP03131,Q96AE4,347-377
DP03131,Q96AE4,347-377
DP03134,Q9NPF0,90-128
DP03134,Q9NPF0,86-128
DP03135,P35680,188-230
DP03136,F4IED2,254-274
DP03136,F4IED2,254-274
DP03136,F4IED2,254-274
DP03136,F4IED2,254-274
DP03136,F4IED2,254-274
DP03136,F4IED2,254-274
DP03136,F4IED2,161-498
DP03136,F4IED2,161-498
DP03136,F4IED2,161-498
DP03136,F4IED2,205-299
DP03136,F4IED2,205-299
DP03136,F4IED2,161-498
DP03136,F4IED2,161-498
DP03137,Q9LUA9,175-208
DP03137,Q9LUA9,175-208
DP03138,Q8GTS2,15-36
DP03138,Q8GTS2,15-36
DP03139,Q4VP08,20-52
DP03140,O50008,448-460
DP03141,Q9BYG3,226-269
DP03141,Q9BYG3,226-269
DP03141,Q9BYG3,226-269
DP03141,Q9BYG3,226-269
DP03141,Q9BYG3,228-232
DP03141,Q9BYG3,232-236
DP03141,Q9BYG3,232-236
DP03141,Q9BYG3,236-240
DP03141,Q9BYG3,236-240
DP03142,Q16667,1-22
DP03142,Q16667,201-212
DP03143,P49327,2344-2360
DP03143,P49327,2200-2220
DP03143,P49327,2344-2356
DP03144,Q05397,565-583
DP03144,Q05397,565-583
DP03145,P29317,761-777
DP03145,P29317,760-883
DP03147,Q86Y38,232-251
DP03148,P41227,161-235
DP03149,Q9BXJ9,573-639
DP03149,Q9BXJ9,842-866
DP03149,Q9BXJ9,574-637
DP03149,Q9BXJ9,842-866
DP03150,Q99598,1-30
DP03150,Q99598,157-176
DP03150,Q99598,275-290
DP03151,Q13363,357-378
DP03152,P42574,57-66
DP03152,P42574,201-211
DP03152,P42574,165-185
DP03152,P42574,174-184
DP03153,Q658P3,1-28
DP03154,P35207,542-606
DP03155,P01019,437-448
DP03155,P01019,52-63
DP03155,P01019,52-62
DP03155,P01019,436-449
DP03155,P01019,44-64
DP03155,P01019,436-450
DP03155,P01019,49-61
DP03156,P11859,431-440
DP03156,P11859,429-440
DP03156,P11859,41-51
DP03158,P54578,484-494
DP03159,Q9UBR1,1-32
DP03159,Q9UBR1,202-211
DP03159,Q9UBR1,301-309
DP03160,S7W634,1-32
DP03161,Q8WVQ1,71-84
DP03162,O00299,152-162
DP03162,O00299,147-164
DP03162,O00299,1-21
DP03163,O15247,55-68
DP03164,Q9Y696,159-175
DP03164,Q9Y696,160-173
DP03166,P00519,385-401
DP03166,P00519,385-401
DP03168,P00519-2,1026-1045
DP03168,P00519-2,520-531
DP03168,P00519-2,138-249
DP03169,Q9NQC7,841-857
DP03170,Q8NBZ7,395-420
DP03171,Q16831,1-15
DP03172,Q9NRN7,248-263
DP03173,O14727,1-100
DP03173,O14727,1-104
DP03173,O14727,1-104
DP03174,Q3UKX1,1-106
DP03175,A1L1Q4,1-71
DP03176,Q10344,40-61
DP03177,Q8CJ26,1-54
DP03177,Q8CJ26,78-127
DP03178,Q99250,1777-1789
DP03178,Q99250,1-116
DP03178,Q99250,285-313
DP03178,Q99250,442-739
DP03178,Q99250,988-1190
DP03178,Q99250,1786-2005
DP03178,Q99250,442-739
DP03178,Q99250,988-1190
DP03178,Q99250,1777-1787
DP03178,Q99250,1900-1905
DP03179,O95391,1-61
DP03179,O95391,197-264
DP03179,O95391,372-586
DP03180,Q03692,521-548
DP03182,Q17RS7,243-307
DP03184,P09919,157-166
DP03185,O75223,2-13
DP03185,O75223,1-13
DP03186,P28325,21-31
DP03186,P28325,21-30
DP03187,P43250,1-13
DP03187,P43250,475-491
DP03187,P43250,536-576
DP03190,P49257,176-185
DP03190,P49257,176-185
DP03190,P49257,176-185
DP03191,P55145,162-182
DP03192,Q15013,36-53
DP03192,Q15013,97-118
DP03193,P16869,37-57
DP03195,Q9HAV4,474-490
DP03195,Q9HAV4,938-951
DP03195,Q9HAV4,980-1009
DP03195,Q9HAV4,1137-1191
DP03195,Q9HAV4,1180-1204
DP03195,Q9HAV4,1180-1204
DP03195,Q9HAV4,478-490
DP03195,Q9HAV4,474-490
DP03195,Q9HAV4,1167-1179
DP03195,Q9HAV4,938-951
DP03196,Q8N1Q8,102-111
DP03197,P41209,1-24
DP03198,P62696,1-14
DP03199,P00749,21-30
DP03199,P00749,153-163
DP03200,P04711,124-140
DP03201,Q96CV9,416-442
DP03203,P55210,197-210
DP03203,P55210,197-211
DP03203,P55210,197-210
DP03204,Q16629,81-98
DP03204,Q16629,81-98
DP03204,Q16629,123-176
DP03204,Q16629,200-217
DP03205,O95696,63-80
DP03206,Q8IYB8,47-57
DP03206,Q8IYB8,73-86
DP03206,Q8IYB8,446-456
DP03206,Q8IYB8,690-722
DP03207,Q8IYV9,257-268
DP03207,Q8IYV9,127-140
DP03209,A6ND01,111-122
DP03209,A6ND01,111-122
DP03211,Q9BRT9,1-20
DP03212,P0DTC9,182-197
DP03212,P0DTC9,182-197
DP03212,P0DTC9,186-190
DP03212,P0DTC9,182-197
DP03212,P0DTC9,182-197
DP03212,P0DTC9,1-40
DP03212,P0DTC9,181-248
DP03212,P0DTC9,181-248
DP03212,P0DTC9,1-68
DP03212,P0DTC9,172-245
DP03212,P0DTC9,363-419
DP03212,P0DTC9,174-247
DP03212,P0DTC9,174-247
DP03212,P0DTC9,1-43
DP03212,P0DTC9,1-43
DP03212,P0DTC9,182-197
DP03212,P0DTC9,172-245
DP03212,P0DTC9,1-44
DP03212,P0DTC9,176-263
DP03212,P0DTC9,222-230
DP03212,P0DTC9,222-230
DP03212,P0DTC9,222-230
DP03212,P0DTC9,219-227
DP03212,P0DTC9,219-227
DP03212,P0DTC9,222-230
DP03212,P0DTC9,222-230
DP03212,P0DTC9,1-44
DP03212,P0DTC9,362-419
DP03212,P0DTC9,1-43
DP03212,P0DTC9,370-419
DP03212,P0DTC9,370-419
DP03212,P0DTC9,1-43
DP03212,P0DTC9,1-43
DP03212,P0DTC9,370-419
DP03212,P0DTC9,370-419
DP03212,P0DTC9,1-68
DP03212,P0DTC9,1-68
DP03212,P0DTC9,1-68
DP03213,P69411,17-46
DP03214,O60508,1-82
DP03215,Q9H875,1-50
DP03215,Q9H875,143-184
DP03216,Q96EQ8,1-32
DP03217,Q9XWG3,1-20
DP03217,Q9XWG3,98-111
DP03217,Q9XWG3,98-111
DP03218,O76463,404-422
DP03219,Q9U3N4,370-389
DP03219,Q9U3N4,252-261
DP03219,Q9U3N4,87-100
DP03221,P55265,202-296
DP03221,P55265,202-296
DP03222,Q92783,140-170
DP03222,Q92783,140-170
DP03223,P33316-2,1-23
DP03224,Q97W73,119-148
DP03225,P19957,23-60
DP03226,P30771,213-224
DP03226,P30771,213-224
DP03227,P15205,2212-2338
DP03228,P26447,91-101
DP03229,P05451,23-35
DP03229,P05451,23-35
DP03229,P05451,25-29
DP03229,P05451,24-33
DP03229,P05451,24-33
DP03230,P11940,179-199
DP03230,P11940,180-190
DP03230,P11940,179-190
DP03230,P11940,179-183
DP03230,P11940,179-190
DP03230,P11940,179-190
DP03230,P11940,1-10
DP03231,P15498,130-141
DP03231,P15498,565-584
DP03232,Q7KZF4,660-669
DP03232,Q7KZF4,660-669
DP03233,Q92900-2,219-228
DP03233,Q92900-2,219-228
DP03234,P49915,312-321
DP03235,P50148,1-216
DP03236,Q9UDY8,469-480
DP03236,Q9UDY8,469-480
DP03236,Q9UDY8,469-480
DP03236,Q9UDY8,566-579
DP03236,Q9UDY8,566-579
DP03236,Q9UDY8,466-481
DP03237,Q9BZE9,498-553
DP03238,P55072,1-20
DP03238,P55072,462-472
DP03239,P52874,332-348
DP03240,P0A8Q6,1-20
DP03240,P0A8Q6,1-17
DP03240,P0A8Q6,1-22
DP03240,P0A8Q6,1-20
DP03241,P0ABH9,143-167
DP03241,P0ABH9,611-623
DP03241,P0ABH9,142-168
DP03241,P0ABH9,143-167
DP03242,P23588,1-96
DP03242,P23588,172-611
DP03242,P23588,333-611
DP03243,Q68D10,571-604
DP03245,Q9UQ35,31-2752
DP03245,Q9UQ35,27-2752
DP03245,Q9UQ35,27-2752
DP03245,Q9UQ35,27-2752
DP03245,Q9UQ35,35-2752
DP03245,Q9UQ35,27-2752
DP03246,O75475,430-471
DP03246,O75475,92-135
DP03248,Q9NYV4,1023-1063
DP03249,Q96RJ3,1-19
DP03249,Q96RJ3,37-184
DP03250,Q9UBW5,1-37
DP03251,Q8N300,1-23
DP03253,P08799,703-735
DP03253,P08799,748-762
DP03253,P08799,701-732
DP03253,P08799,748-762
DP03253,P08799,701-732
DP03253,P08799,748-759
DP03253,P08799,698-735
DP03253,P08799,750-762
DP03253,P08799,702-721
DP03253,P08799,748-761
DP03253,P08799,487-508
DP03253,P08799,691-762
DP03253,P08799,487-500
DP03253,P08799,691-759
DP03253,P08799,702-719
DP03253,P08799,748-762
DP03254,P52848,558-578
DP03254,P52848,587-600
DP03255,P16035,209-220
DP03255,P16035,212-220
DP03255,P16035,212-220
DP03256,P08253,450-460
DP03256,P08253,450-460
DP03257,P03956,20-31
DP03257,P03956,46-57
DP03257,P03956,52-56
DP03258,Q60841,1222-1293
DP03259,P13674,151-160
DP03259,P13674,151-160
DP03260,O60568,72-86
DP03260,O60568,592-605
DP03260,O60568,73-77
DP03260,O60568,72-86
DP03260,O60568,73-77
DP03260,O60568,73-77
DP03260,O60568,593-597
DP03260,O60568,593-597
DP03260,O60568,595-599
DP03260,O60568,595-599
DP03261,P75966,1-36
DP03262,P01009,26-47
DP03262,P01009,25-42
DP03262,P01009,25-43
DP03263,O80358,86-102
DP03265,O48963,581-592
DP03266,Q9M658,1700-1728
DP03267,Q9FIC3,75-84
DP03268,Q682I1,96-108
DP03269,Q9C552,258-270
DP03269,Q9C552,258-270
DP03270,Q00958,396-420
DP03271,P21580,150-160
DP03271,P21580,213-228
DP03271,P21580,152-161
DP03271,P21580,213-227
DP03271,P21580,213-228
DP03272,Q6GQQ9,88-129
DP03272,Q6GQQ9,267-291
DP03273,Q99835,539-640
DP03274,Q9Y4K0,763-774
DP03275,Q15276,642-661
DP03276,Q96PU8,205-214
DP03277,Q61001,70-119
DP03278,P18065,312-325
DP03279,Q08188,463-472
DP03279,Q08188,463-472
DP03279,Q08188,468-472
DP03279,Q08188,468-472
DP03280,P19827,653-672
DP03280,P19827,35-44
DP03280,P19827,653-657
DP03280,P19827,668-672
DP03281,Q2MKA7,131-146
DP03281,Q2MKA7,131-146
DP03281,Q2MKA7,131-146
DP03282,Q8L3W1,208-220
DP03283,O80452,140-211
DP03283,O80452,274-285
DP03283,O80452,274-285
DP03284,Q8GUI6,125-168
DP03284,Q8GUI6,196-211
DP03285,Q8H1D4,154-293
DP03285,Q8H1D4,154-293
DP03286,Q03479,549-559
DP03287,P13022,271-281
DP03288,P13021,253-272
DP03288,P13021,253-272
DP03288,P13021,251-272
DP03288,P13021,251-272
DP03288,P13021,253-272
DP03289,P0ACG8,111-133
DP03290,Q8RNT4,19-49
DP03290,Q8RNT4,19-49
DP03290,Q8RNT4,19-49
DP03291,Q9UK55,22-59
DP03291,Q9UK55,22-60
DP03292,P00742,90-120
DP03292,P00742,90-120
DP03292,P00742,90-126
DP03292,P00742,90-120
DP03292,P00742,90-120
DP03292,P00742,90-120
DP03292,P00742,90-120
DP03292,P00742,90-120
DP03292,P00742,90-120
DP03292,P00742,90-120
DP03292,P00742,90-120
DP03292,P00742,90-120
DP03292,P00742,90-120
DP03292,P00742,99-116
DP03292,P00742,106-116
DP03292,P00742,100-105
DP03293,O43791,357-374
DP03293,O43791,169-178
DP03293,O43791,169-178
DP03293,O43791,361-374
DP03293,O43791,361-374
DP03293,O43791,361-374
DP03294,P02760,340-352
DP03294,P02760,206-229
DP03294,P02760,191-202
DP03294,P02760,213-217
DP03295,Q92854,649-677
DP03296,P60484,354-403
DP03296,P60484,353-403
DP03296,P60484,353-403
DP03296,P60484,378-382
DP03296,P60484,380-384
DP03296,P60484,381-385
DP03296,P60484,286-309
DP03296,P60484,366-385
DP03296,P60484,366-385
DP03296,P60484,366-385
DP03297,P01034,27-37
DP03297,P01034,27-37
DP03297,P01034,35-39
DP03297,P01034,27-37
DP03298,P63000,182-192
DP03298,P63000,179-192
DP03298,P63000,179-192
DP03298,P63000,178-188
DP03298,P63000,178-188
DP03298,P63000,184-188
DP03298,P63000,178-182
DP03298,P63000,184-188
DP03298,P63000,184-188
DP03299,P00734,187-211
DP03299,P00734,298-316
DP03299,P00734,298-316
DP03299,P00734,187-211
DP03299,P00734,90-110
DP03299,P00734,187-211
DP03299,P00734,187-211
DP03299,P00734,301-316
DP03299,P00734,312-316
DP03300,P31749,114-144
DP03300,P31749,114-144
DP03301,P09237,18-28
DP03301,P09237,90-99
DP03301,P09237,256-267
DP03301,P09237,90-99
DP03301,P09237,21-40
DP03302,G5EFZ1,1-19
DP03302,G5EFZ1,520-539
DP03303,Q8IW75,367-377
DP03303,Q8IW75,376-380
DP03303,Q8IW75,367-377
DP03304,P36952,332-343
DP03304,P36952,334-338
DP03305,Q60675,2730-2743
DP03306,Q02297,226-239
DP03306,Q02297,229-241
DP03307,Q9UMD9,2-455
DP03307,Q9UMD9,2-455
DP03307,Q9UMD9,2-455
DP03308,Q96MS0,654-667
DP03308,Q96MS0,654-667
DP03309,O60486,642-659
DP03309,O60486,642-659
DP03310,Q3U4G3,43-87
DP03311,P00740,47-93
DP03311,P00740,47-93
DP03311,P00740,70-74
DP03311,P00740,47-93
DP03311,P00740,47-57
DP03311,P00740,47-57
DP03311,P00740,70-74
DP03311,P00740,74-78
DP03311,P00740,74-78
DP03311,P00740,52-56
DP03311,P00740,52-56
DP03311,P00740,47-51
DP03311,P00740,47-51
DP03311,P00740,60-64
DP03311,P00740,60-64
DP03311,P00740,64-68
DP03311,P00740,64-68
DP03312,P10619,288-327
DP03313,P00488,2-38
DP03313,P00488,2-38
DP03313,P00488,2-38
DP03314,Q06141,27-36
DP03314,Q06141,27-36
DP03314,Q06141,27-37
DP03314,Q06141,27-37
DP03314,Q06141,27-37
DP03315,P0ADC1,20-32
DP03315,P0ADC1,170-182
DP03316,P06149,320-376
DP03317,O16299,261-285
DP03318,Q95ZK7,260-269
DP03318,Q95ZK7,260-269
DP03319,O17087,815-860
DP03319,O17087,813-846
DP03320,P46580,359-380
DP03322,Q94218-2,222-243
DP03322,Q94218-2,1-10
DP03323,Q13316,17-217
DP03323,Q13316,218-513
DP03323,Q13316,17-217
DP03323,Q13316,218-513
DP03323,Q13316,17-217
DP03323,Q13316,218-513
DP03323,Q13316,17-217
DP03323,Q13316,218-513
DP03323,Q13316,17-217
DP03323,Q13316,218-513
DP03323,Q13316,17-217
DP03323,Q13316,218-513
DP03323,Q13316,17-217
DP03323,Q13316,218-513
DP03323,Q13316,17-217
DP03323,Q13316,218-513
DP03323,Q13316,17-217
DP03323,Q13316,218-513
DP03324,P35052,350-361
DP03325,Q9SZF7,59-120
DP03326,P39286,1-34
DP03326,P39286,1-34
DP03327,P05055,553-612
DP03327,P05055,238-298
DP03327,P05055,386-395
DP03327,P05055,543-711
DP03327,P05055,543-711
DP03327,P05055,543-711
DP03327,P05055,543-711
DP03327,P05055,75-84
DP03327,P05055,359-370
DP03327,P05055,622-690
DP03329,P0AG67,73-86
DP03329,P0AG67,180-557
DP03329,P0AG67,73-86
DP03329,P0AG67,194-262
DP03329,P0AG67,441-557
DP03329,P0AG67,177-263
DP03330,P0A705,1-381
DP03330,P0A705,1-381
DP03331,P0A8N3,445-456
DP03331,P0A8N3,445-456
DP03332,P0A3B2,32-55
DP03332,P0A3B2,540-555
DP03332,P0A3B2,32-55
DP03332,P0A3B2,540-555
DP03332,P0A3B2,32-47
DP03332,P0A3B2,32-47
DP03333,P0AFF6,201-495
DP03333,P0AFF6,201-495
DP03333,P0AFF6,201-425
DP03334,P90947,527-537
DP03335,P42573,370-406
DP03336,P12996,316-346
DP03337,P0A9H7,2-13
DP03337,P0A9H7,100-120
DP03337,P0A9H7,100-120
DP03337,P0A9H7,100-120
DP03338,Q9A8N4,1-133
DP03338,Q9A8N4,1-133
DP03338,Q9A8N4,1-133
DP03338,Q9A8N4,9-23
DP03338,Q9A8N4,9-23
DP03338,Q9A8N4,1-133
DP03338,Q9A8N4,1-133
DP03338,Q9A8N4,1-133
DP03338,Q9A8N4,1-133
DP03339,P07673,1-105
DP03340,O62479,106-127
DP03341,P0A9D4,263-273
DP03343,Q9HCB6,29-38
DP03343,Q9HCB6,185-198
DP03343,Q9HCB6,29-43
DP03344,P36955,21-35
DP03344,P36955,22-26
DP03344,P36955,22-26
DP03345,O00214,154-175
DP03345,O00214,154-175
DP03346,P63090,33-46
DP03346,P63090,133-168
DP03347,P10824,2-32
DP03347,P10824,343-354
DP03347,P10824,11-32
DP03347,P10824,343-354
DP03348,Q5T1C6,81-106
DP03349,P11795,2-101
DP03350,P03316,1-113
DP03350,P03316,1-105
DP03350,P03316,1-105
DP03351,P23677,187-196
DP03351,P23677,187-196
DP03351,P23677,187-196
DP03353,P05546,20-79
DP03353,P05546,91-113
DP03354,P63144,1-62
DP03354,P63144,1-62
DP03354,P63144,1-62
DP03355,P0ABJ3,1-18
DP03356,A0A1L8HX71,1-84
DP03356,A0A1L8HX71,181-265
DP03357,Q5SHN5,40-67
DP03357,Q5SHN5,40-67
DP03358,Q92743,94-106
DP03358,Q92743,301-313
DP03358,Q92743,301-313
DP03358,Q92743,301-313
DP03358,Q92743,301-313
DP03359,P9WJD9,290-460
DP03359,P9WJD9,86-126
DP03359,P9WJD9,86-126
DP03360,Q56062,119-129
DP03360,Q56062,119-129
DP03361,Q8ZKB0,2-34
DP03361,Q8ZKB0,238-250
DP03361,Q8ZKB0,338-350
DP03362,B0Y813,119-142
DP03362,B0Y813,119-142
DP03363,O05574,50-110
DP03363,O05574,50-110
DP03363,O05574,50-110
DP03364,Q15582,24-42
DP03364,Q15582,636-657
DP03364,Q15582,638-683
DP03364,Q15582,641-645
DP03364,Q15582,641-645
DP03364,Q15582,641-645
DP03364,Q15582,641-645
DP03365,P27469,1-103
DP03365,P27469,1-103
DP03365,P27469,1-103
DP03366,P53778,354-367
DP03367,Q61585,1-103
DP03368,P38532-2,213-503
DP03368,P38532-2,213-503
DP03368,P38532-2,213-503
DP03368,P38532-2,213-503
DP03369,O15391,1-253
DP03369,O15391,1-253
DP03369,O15391,1-253
DP03369,O15391,1-372
DP03372,P04554,46-102
DP03372,P04554,46-102
DP03372,P04554,46-102
DP03372,P04554,46-102
DP03374,P02400,1-110
DP03374,P02400,1-110
DP03374,P02400,1-110
DP03374,P02400,1-110
DP03374,P02400,1-110
DP03377,Q7T2G3,571-623
DP03377,Q7T2G3,569-593
DP03377,Q7T2G3,582-592
DP03377,Q7T2G3,582-592
DP03378,P20849,24-41
DP03378,P20849,24-40
DP03378,P20849,24-42
DP03378,P20849,24-42
DP03378,P20849,26-31
DP03378,P20849,24-42
DP03379,Q14766,1507-1522
DP03379,Q14766,1582-1623
DP03379,Q14766,1709-1721
DP03379,Q14766,1507-1521
DP03379,Q14766,1582-1623
DP03379,Q14766,1618-1624
DP03379,Q14766,1618-1624
DP03379,Q14766,1578-1624
DP03379,Q14766,1578-1624
DP03380,P83110,279-289
DP03381,P63277-2,17-75
DP03381,P63277-2,17-75
DP03381,P63277-2,17-75
DP03381,P63277-2,17-75
DP03381,P63277-2,30-34
DP03382,P98066,250-277
DP03383,Q8WVM7,1-85
DP03383,Q8WVM7,1053-1258
DP03383,Q8WVM7,442-457
DP03383,Q8WVM7,843-853
DP03383,Q8WVM7,34-52
DP03383,Q8WVM7,34-52
DP03385,P20592,599-621
DP03385,P20592,1-92
DP03386,Q9Y237-2,1-59
DP03386,Q9Y237-2,1-25
DP03387,Q9Y237-1,1-35
DP03388,P0AB38,21-80
DP03389,Q9UBT3,19-38
DP03389,Q9UBT3,94-140
DP03389,Q9UBT3,94-140
DP03390,Q2UZM9,42-76
DP03391,C9ZXG5,42-76
DP03391,C9ZXG5,65-76
DP03391,C9ZXG5,65-76
DP03391,C9ZXG5,42-75
DP03391,C9ZXG5,42-75
DP03392,A0A2U8QNT7,1-257
DP03392,A0A2U8QNT7,1-257
DP03393,J2EKT7,54-82
DP03394,O60493,2-28
DP03394,O60493,146-162
DP03395,C8CGS7,1630-1756
DP03396,Q716H0,320-332
DP03397,P13051-1,1-92
DP03398,Q1HRL7,127-138
DP03398,Q1HRL7,127-138
DP03398,Q1HRL7,127-138
DP03399,P60484-2,1-145
DP03399,P60484-2,47-52
DP03399,P60484-2,47-52
DP03400,Q9H4L7,109-150
DP03400,Q9H4L7,200-250
DP03400,Q9H4L7,200-250
DP03401,P18272,600-645
DP03401,P18272,25-62
DP03401,P18272,38-240
DP03402,J9V8B5,44-97
DP03402,J9V8B5,46-62
DP03403,Q8WXS3-1,1-180
DP03404,P56211,1-112
DP03404,P56211,1-112
DP03404,P56211,60-65
DP03404,P56211,102-106
DP03404,P56211,20-112
DP03404,P56211,20-75
DP03404,P56211,105-112
DP03404,P56211,42-75
DP03404,P56211,86-112
DP03404,P56211,86-112
DP03404,P56211,86-112
DP03404,P56211,42-75
DP03404,P56211,42-75
DP03404,P56211,1-41
DP03404,P56211,76-85
DP03404,P56211,25-41
DP03404,P56211,32-41
DP03404,P56211,47-56
DP03404,P56211,57-76
DP03404,P56211,76-112
DP03404,P56211,1-112
DP03404,P56211,20-112
DP03405,P56211-2,1-96
DP03406,P0A7G2,101-133
DP03406,P0A7G2,109-133
DP03406,P0A7G2,109-133
DP03406,P0A7G2,109-133
DP03407,P51397,1-102
DP03409,Q61937,1-12
DP03409,Q61937,1-130
DP03409,Q61937,1-130
DP03409,Q61937,1-130
DP03409,Q61937,1-130
DP03409,Q61937,1-130
DP03409,Q61937,1-130
DP03409,Q61937,1-130
DP03409,Q61937,1-130
DP03409,Q61937,1-130
DP03409,Q61937,121-130
DP03410,Q91MK1,267-336
DP03410,Q91MK1,267-336
DP03410,Q91MK1,267-328
DP03410,Q91MK1,267-328
DP03411,Q61081,1-144
DP03411,Q61081,1-144
DP03411,Q61081,1-144
DP03411,Q61081,11-15
DP03412,P27395,1-25
DP03412,P27395,1-25
DP03413,P49880,564-776
DP03413,P49880,564-776
DP03413,P49880,564-776
DP03413,P49880,564-776
DP03413,P49880,564-776
DP03413,P49880,564-776
DP03413,P49880,564-776
DP03413,P49880,564-776
DP03413,P49880,564-776
DP03414,P40949,33-253
DP03414,P40949,33-253
DP03414,P40949,33-253
DP03414,P40949,191-253
DP03415,A0A0M4HM24,1-212
DP03415,A0A0M4HM24,1-212
DP03415,A0A0M4HM24,1-212
DP03415,A0A0M4HM24,1-212
DP03415,A0A0M4HM24,1-212
DP03415,A0A0M4HM24,1-212
DP03415,A0A0M4HM24,1-212
DP03416,Q87GF9,361-428
DP03416,Q87GF9,361-428
DP03416,Q87GF9,361-428
DP03416,Q87GF9,361-428
DP03416,Q87GF9,361-428
DP03417,P10997,23-33
DP03417,P10997,62-71
DP03417,P10997,23-89
DP03417,P10997,23-89
DP03417,P10997,23-89
DP03417,P10997,74-89
DP03417,P10997,74-89
DP03417,P10997,74-89
DP03417,P10997,23-89
DP03418,Q96PU8-9,205-319
DP03418,Q96PU8-9,205-319
DP03419,A1B602,1-14
DP03419,A1B602,80-104
DP03419,A1B602,1-14
DP03419,A1B602,1-19
DP03419,A1B602,1-19
DP03419,A1B602,1-19
DP03420,Q7TMK9,108-140
DP03421,P12464,84-173
DP03421,P12464,84-173
DP03421,P12464,96-104
DP03421,P12464,115-170
DP03421,P12464,93-173
DP03421,P12464,96-104
DP03422,A0A142G2L5,21-181
DP03422,A0A142G2L5,21-181
DP03422,A0A142G2L5,21-181
DP03422,A0A142G2L5,21-181
DP03423,F1NGB1,190-455
DP03423,F1NGB1,265-284
DP03423,F1NGB1,309-334
DP03423,F1NGB1,309-334
DP03423,F1NGB1,265-284
DP03423,F1NGB1,309-334
DP03423,F1NGB1,265-284
DP03424,P80303,190-420
DP03424,P80303,265-282
DP03424,P80303,309-334
DP03424,P80303,265-282
DP03424,P80303,309-334
DP03424,P80303,265-282
DP03424,P80303,309-334
DP03425,Q7G7J6,28-112
DP03425,Q7G7J6,28-112
DP03425,Q7G7J6,28-112
DP03425,Q7G7J6,28-112
DP03425,Q7G7J6,28-112
DP03425,Q7G7J6,28-112
DP03425,Q7G7J6,28-112
DP03426,P25024,1-28
DP03426,P25024,326-350
DP03426,P25024,1-29
DP03426,P25024,1-29
DP03426,P25024,1-29
DP03426,P25024,1-29
DP03427,P31327,779-792
DP03427,P31327,562-623
DP03427,P31327,779-784
DP03427,P31327,788-792
DP03427,P31327,585-623
DP03427,P31327,779-784
DP03427,P31327,779-792
DP03427,P31327,562-623
DP03428,P40763,690-722
DP03428,P40763,689-702
DP03429,P72975,1-149
DP03429,P72975,1-149
DP03429,P72975,1-149
DP03429,P72975,1-149
DP03429,P72975,1-149
DP03429,P72975,1-149
DP03429,P72975,1-149
DP03429,P72975,1-149
DP03430,P0AC88,35-55
DP03430,P0AC88,359-372
DP03432,P0DTH5,1-45
DP03433,Q13153,492-545
DP03433,Q13153,1-56
DP03433,Q13153,186-199
DP03433,Q13153,150-248
DP03433,Q13153,83-137
DP03433,Q13153,83-137
DP03433,Q13153,47-51
DP03433,Q13153,150-248
DP03433,Q13153,182-203
DP03434,Q8I295,1-217
DP03435,P21109,11-44
DP03435,P21109,11-44
DP03435,P21109,11-44
DP03437,Q9H9B1,982-1005
DP03438,P32131,445-457
DP03439,P28327,25-181
DP03439,P28327,475-493
DP03439,P28327,1-29
DP03440,P04968,481-496
DP03442,P59635,81-94
DP03444,Q9UPP1,101-113
DP03444,Q9UPP1,101-113
DP03445,P0C066,20-29
DP03446,Q9NR48,2090-2107
DP03446,Q9NR48,2268-2272
DP03446,Q9NR48,2263-2267
DP03446,Q9NR48,2269-2273
DP03446,Q9NR48,2263-2271
DP03446,Q9NR48,2263-2271
DP03446,Q9NR48,2261-2269
DP03446,Q9NR48,2261-2284
DP03446,Q9NR48,2261-2273
DP03446,Q9NR48,2261-2273
DP03447,Q13177,1-108
DP03447,Q13177,71-92
DP03447,Q13177,71-92
DP03447,Q13177,71-92
DP03447,Q13177,121-136
DP03447,Q13177,1-17
DP03447,Q13177,1-76
DP03447,Q13177,144-227
DP03447,Q13177,78-147
DP03447,Q13177,390-403
DP03447,Q13177,210-215
DP03447,Q13177,139-143
DP03447,Q13177,399-403
DP03448,P56524,130-153
DP03448,P56524,729-760
DP03449,P10902,44-56
DP03449,P10902,104-141
DP03450,P0DTC4,61-75
DP03451,P21675,1626-1638
DP03451,P21675,972-1053
DP03452,Q6P1X5,977-1199
DP03453,P51513,125-143
DP03454,Q9UBP0,228-323
DP03454,Q9UBP0,270-328
DP03454,Q9UBP0,270-328
DP03454,Q9UBP0,229-322
DP03455,O00189,160-184
DP03455,O00189,384-399
DP03455,O00189,384-399
DP03456,P27635,95-123
DP03457,Q29502,125-238
DP03457,Q29502,18-57
DP03457,Q29502,253-281
DP03457,Q29502,310-356
DP03457,Q29502,1-17
DP03457,Q29502,1-17
DP03458,P0DMC7,133-147
DP03459,Q15542,381-416
DP03459,Q15542,194-206
DP03460,P0DTC7,83-96
DP03464,Q04195,445-465
DP03465,Q9T0N8,19-32
DP03465,Q9T0N8,19-32
DP03465,Q9T0N8,19-39
DP03465,Q9T0N8,19-31
DP03465,Q9T0N8,19-32
DP03466,E3T1W8,292-319
DP03466,E3T1W8,292-319
DP03466,E3T1W8,292-318
DP03466,E3T1W8,292-318
DP03466,E3T1W8,532-541
DP03466,E3T1W8,22-38
DP03466,E3T1W8,22-39
DP03466,E3T1W8,295-312
DP03466,E3T1W8,532-541
DP03466,E3T1W8,532-541
DP03466,E3T1W8,22-39
DP03466,E3T1W8,22-37
DP03466,E3T1W8,293-318
DP03466,E3T1W8,292-318
DP03466,E3T1W8,294-318
DP03466,E3T1W8,22-39
DP03466,E3T1W8,532-541
DP03467,Q709Q5,293-302
DP03467,Q709Q5,293-302
DP03469,Q8VZS8,8-30
DP03469,Q8VZS8,19-30
DP03470,P47442,124-148
DP03471,Q81GI3,102-117
DP03471,Q81GI3,149-160
DP03471,Q81GI3,149-160
DP03471,Q81GI3,102-117
DP03471,Q81GI3,102-117
DP03471,Q81GI3,149-160
DP03471,Q81GI3,149-160
DP03471,Q81GI3,102-117
DP03471,Q81GI3,99-111
DP03471,Q81GI3,150-160
DP03471,Q81GI3,150-160
DP03471,Q81GI3,99-111
DP03471,Q81GI3,150-160
DP03472,Q09535,108-121
DP03472,Q09535,255-273
DP03473,O94258,954-969
DP03473,O94258,954-969
DP03475,Q81EJ6,1-67
DP03476,F1QCV2,365-411
DP03477,Q5GH54,68-80
DP03477,Q5GH54,106-118
DP03477,Q5GH54,345-364
DP03477,Q5GH54,345-373
DP03479,P20351,369-379
DP03480,P00392,550-561
DP03481,P10674,314-330
DP03482,P16243,63-79
DP03483,P05661,628-641
DP03485,Q9VKJ9,550-574
DP03485,Q9VKJ9,550-574
DP03486,P05031,357-383
DP03487,Q9GZZ9,325-404
DP03487,Q9GZZ9,384-404
DP03487,Q9GZZ9,384-404
DP03487,Q9GZZ9,325-357
DP03487,Q9GZZ9,325-376
DP03487,Q9GZZ9,325-376
DP03487,Q9GZZ9,359-404
DP03487,Q9GZZ9,359-404
DP03487,Q9GZZ9,338-346
DP03487,Q9GZZ9,338-346
DP03487,Q9GZZ9,338-346
DP03487,Q9GZZ9,338-346
DP03487,Q9GZZ9,338-346
DP03487,Q9GZZ9,338-346
DP03487,Q9GZZ9,333-348
DP03487,Q9GZZ9,333-348
DP03487,Q9GZZ9,333-348
DP03487,Q9GZZ9,333-348
DP03487,Q9GZZ9,338-346
DP03488,P43026,382-396
DP03489,P0DSM4,1-25
DP03490,P18075,293-327
DP03492,Q8R426-2,160-170
DP03494,Q04087,45-102
DP03494,Q04087,45-102
DP03495,P63883,163-174
DP03495,P63883,310-321
DP03496,P22515,774-796
DP03497,P27361,1-23
DP03498,P06491,451-483
DP03498,P06491,523-538
DP03499,Q04637-8,1428-1437
DP03499,Q04637-8,1428-1437
DP03499,Q04637-8,1080-1234
DP03500,P0AFC7,1-42
DP03500,P0AFC7,180-189
DP03501,P0AFD1,1-10
DP03502,P0AFD6,1-22
DP03503,P0AFE0,165-184
DP03504,P0AFC3,1-14
DP03504,P0AFC3,39-59
DP03504,P0AFC3,128-147
DP03505,Q77M43,477-505
DP03505,Q77M43,486-503
DP03505,Q77M43,374-525
DP03505,Q77M43,486-505
DP03505,Q77M43,477-505
DP03505,Q77M43,374-525
DP03505,Q77M43,374-505
DP03505,Q77M43,374-515
DP03505,Q77M43,477-505
DP03505,Q77M43,477-505
DP03505,Q77M43,374-505
DP03505,Q77M43,477-505
DP03505,Q77M43,486-505
DP03506,P33309,48-59
DP03507,Q9ERC1,1146-1912
DP03507,Q9ERC1,1146-1912
DP03507,Q9ERC1,1146-1912
DP03507,Q9ERC1,1146-1912
DP03507,Q9ERC1,1146-1912
DP03508,P26662,2-169
DP03508,P26662,2-117
DP03508,P26662,2-117
DP03508,P26662,2-117
DP03508,P26662,2-169
DP03508,P26662,2-117
DP03508,P26662,2-169
DP03508,P26662,1202-1213
DP03508,P26662,1202-1213
DP03509,K9MZ21,267-328
DP03509,K9MZ21,267-328
DP03510,P49753,46-56
DP03510,P49753,473-483
DP03511,Q9WIK7,2282-2301
DP03511,Q9WIK7,2282-2315
DP03511,Q9WIK7,2282-2301
DP03511,Q9WIK7,2282-2301
DP03511,Q9WIK7,2282-2301
DP03511,Q9WIK7,2287-2291
DP03512,P18827,23-254
DP03512,P18827,23-254
DP03512,P18827,23-254
DP03512,P18827,23-254
DP03512,P18827,23-254
DP03512,P18827,23-254
DP03513,P34741,19-144
DP03513,P34741,19-144
DP03513,P34741,19-144
DP03513,P34741,19-144
DP03513,P34741,19-144
DP03513,P34741,19-144
DP03514,O75056,47-387
DP03514,O75056,47-387
DP03514,O75056,47-387
DP03514,O75056,47-387
DP03514,O75056,47-387
DP03514,O75056,47-387
DP03515,P31431-2,19-153
DP03515,P31431-2,19-153
DP03515,P31431-2,19-153
DP03515,P31431-2,19-153
DP03515,P31431-2,19-153
DP03515,P31431-2,19-153
DP03516,P30328,1-24
DP03517,P03437,508-520
DP03517,P03437,508-520
DP03517,P03437,508-520
DP03519,P27284,1-80
DP03520,P15183,1-59
DP03521,Q58MU6,1-20
DP03522,Q9QR71,1077-1129
DP03522,Q9QR71,1098-1116
DP03522,Q9QR71,1098-1116
DP03522,Q9QR71,1098-1116
DP03523,C4LQ26,127-146
DP03523,C4LQ26,1-70
DP03523,C4LQ26,1-70
DP03523,C4LQ26,127-146
DP03523,C4LQ26,127-146
DP03524,A0A140DLX4,1503-1516
DP03524,A0A140DLX4,1421-1466
DP03525,Q8JUX6,1728-1744
DP03525,Q8JUX6,1728-1744
DP03526,P12504,157-176
DP03526,P12504,155-172
DP03527,D2CPS8,1-72
DP03527,D2CPS8,1-72
DP03528,P69718,34-50
DP03528,P69718,34-50
DP03528,P69718,34-50
DP03528,P69718,34-50
DP03528,P69718,34-50
DP03528,P69718,34-50
DP03528,P69718,34-50
DP03528,P69718,35-50
DP03528,P69718,35-46
DP03528,P69718,35-46
DP03529,Q9NP98,1-174
DP03529,Q9NP98,92-299
DP03529,Q9NP98,1-174
DP03529,Q9NP98,92-299
DP03529,Q9NP98,1-174
DP03529,Q9NP98,92-299
DP03529,Q9NP98,92-299
DP03529,Q9NP98,92-299
DP03529,Q9NP98,92-299
DP03529,Q9NP98,119-237
DP03529,Q9NP98,176-292
DP03529,Q9NP98,106-128
DP03529,Q9NP98,180-199
DP03529,Q9NP98,216-240
DP03529,Q9NP98,200-215
DP03529,Q9NP98,200-215
DP03529,Q9NP98,216-240
DP03529,Q9NP98,218-228
DP03529,Q9NP98,92-299
DP03530,P19554,39-81
DP03530,P19554,39-51
DP03530,P19554,64-78
DP03530,P19554,39-48
DP03530,P19554,39-48
DP03530,P19554,39-81
DP03530,P19554,39-51
DP03530,P19554,64-78
DP03531,P49789,107-127
DP03531,P49789,112-116
DP03531,P49789,112-116
DP03532,Q68J44,2-31
DP03532,Q68J44,207-220
DP03533,O95147,2-23
DP03534,P12520,1-17
DP03534,P12520,1-17
DP03535,P69697,1-86
DP03535,P69697,1-86
DP03535,P69697,1-86
DP03535,P69697,1-86
DP03535,P69697,1-86
DP03535,P69697,1-86
DP03535,P69697,1-86
DP03536,Q05318,1306-1593
DP03536,Q05318,1306-1593
DP03536,Q05318,1306-1593
DP03537,Q05320,524-539
DP03537,Q05320,524-539
DP03537,Q05320,524-539
DP03537,Q05320,524-539
DP03537,Q05320,524-539
DP03537,Q05320,524-539
DP03537,Q05320,524-539
DP03537,Q05320,524-539
DP03537,Q05320,524-539
DP03537,Q05320,529-535
DP03537,Q05320,524-539
DP03537,Q05320,190-212
DP03537,Q05320,279-298
DP03537,Q05320,465-501
DP03537,Q05320,524-539
DP03537,Q05320,632-641
DP03538,P87666,632-641
DP03538,P87666,524-539
DP03538,P87666,524-539
DP03538,P87666,524-539
DP03538,P87666,524-539
DP03538,P87666,524-539
DP03538,P87666,524-539
DP03538,P87666,529-535
DP03538,P87666,524-539
DP03538,P87666,190-212
DP03538,P87666,279-298
DP03539,A0A097F4I8,1-24
DP03539,A0A097F4I8,74-99
DP03541,Q9DQX7,147-157
DP03541,Q9DQX7,339-363
DP03541,Q9DQX7,339-363
DP03542,P13699,147-157
DP03542,P13699,339-363
DP03542,P13699,339-363
DP03543,Q72500,1-96
DP03543,Q72500,1-96
DP03543,Q72500,1-96
DP03543,Q72500,1-96
DP03543,Q72500,1-96
DP03543,Q72500,1-96
DP03544,P08669,1-58
DP03545,P35256,242-253
DP03546,P35260,1-35
DP03547,P89522,183-193
DP03547,P89522,183-193
DP03548,P05453,1-250
DP03549,Q91H74,2898-2909
DP03549,Q91H74,3377-3391
DP03549,Q91H74,2946-2961
DP03550,Q703G9,429-442
DP03551,P22173,1-26
DP03551,P22173,793-845
DP03551,P22173,799-845
DP03551,P22173,793-845
DP03551,P22173,20-30
DP03551,P22173,1-10
DP03552,P10636-2,1-352
DP03553,O94829,1-18
DP03553,O94829,656-673
DP03554,Q9UKK9,1-13
DP03555,Q8K310,478-496
DP03555,Q8K310,478-496
DP03556,P35813,369-382
DP03557,Q91AU0,2223-2314
DP03557,Q91AU0,2331-2419
DP03557,Q91AU0,2331-2419
DP03557,Q91AU0,2331-2419
DP03557,Q91AU0,2379-2398
DP03558,P04591,110-148
DP03558,P04591,353-363
DP03558,P04591,364-377
DP03558,P04591,133-145
DP03558,P04591,133-145
DP03559,P04610,1-86
DP03559,P04610,1-86
DP03559,P04610,1-86
DP03559,P04610,1-86
DP03559,P04610,1-86
DP03559,P04610,1-86
DP03560,P20879,1-101
DP03560,P20879,1-101
DP03560,P20879,1-101
DP03560,P20879,1-101
DP03560,P20879,41-54
DP03560,P20879,41-54
DP03560,P20879,41-54
DP03560,P20879,42-54
DP03560,P20879,42-54
DP03560,P20879,42-54
DP03560,P20879,42-54
DP03560,P20879,42-54
DP03560,P20879,48-57
DP03562,P04613,1-87
DP03562,P04613,1-87
DP03562,P04613,1-87
DP03562,P04613,1-87
DP03563,P04611,1-99
DP03563,P04611,1-99
DP03563,P04611,1-99
DP03563,P04611,1-99
DP03565,P20893,1-101
DP03565,P20893,1-101
DP03566,P22363,1-172
DP03566,P22363,1-172
DP03566,P22363,132-150
DP03567,P0DOF3,376-397
DP03567,P0DOF3,105-118
DP03568,Q8JXF6,376-397
DP03569,F0TTD6,159-252
DP03569,F0TTD6,159-252
DP03569,F0TTD6,187-217
DP03569,F0TTD6,159-252
DP03569,F0TTD6,159-252
DP03569,F0TTD6,159-252
DP03569,F0TTD6,159-252
DP03571,P03433,372-397
DP03572,P03431,16-81
DP03573,A0A2Z5UJ33,8-21
DP03573,A0A2Z5UJ33,73-91
DP03573,A0A2Z5UJ33,203-212
DP03573,A0A2Z5UJ33,8-21
DP03575,P03496,204-230
DP03575,P03496,73-82
DP03575,P03496,73-82
DP03577,P15659,197-257
DP03577,P15659,210-226
DP03577,P15659,210-226
DP03577,P15659,197-257
DP03577,P15659,197-257
DP03577,P15659,197-257
DP03578,F8UU09,1-82
DP03579,Q9JYY3,1-62
DP03579,Q9JYY3,1-62
DP03579,Q9JYY3,265-280
DP03579,Q9JYY3,265-280
DP03580,Q9JZ38,11-21
DP03580,Q9JZ38,1-22
DP03580,Q9JZ38,6-22
DP03580,Q9JZ38,6-22
DP03580,Q9JZ38,6-22
DP03581,P55127,415-591
DP03581,P55127,430-450
DP03581,P55127,413-417
DP03581,P55127,419-424
DP03581,P55127,462-532
DP03581,P55127,415-591
DP03582,Q9JWM8,365-389
DP03583,A1KVD0,1-13
DP03584,M4GGR4,1-14
DP03585,P0A0V3,230-242
DP03585,P0A0V3,230-242
DP03586,Q6VRY4,2-17
DP03586,Q6VRY4,2-17
DP03586,Q6VRY4,141-155
DP03586,Q6VRY4,141-155
DP03586,Q6VRY4,3-33
DP03587,Q9JZG1,298-310
DP03587,Q9JZG1,325-364
DP03588,Q96C86,1-37
DP03589,P47897,183-216
DP03589,P47897,183-216
DP03590,B2RLE7,23-54
DP03590,B2RLE7,266-359
DP03590,B2RLE7,23-54
DP03590,B2RLE7,266-358
DP03591,P38238,213-232
DP03591,P38238,260-310
DP03591,P38238,260-310
DP03592,P03317,1994-2006
DP03592,P03317,2070-2081
DP03592,P03317,2191-2210
DP03592,P03317,1989-2022
DP03592,P03317,1906-1958
DP03592,P03317,2053-2125
DP03593,P13887,2004-2053
DP03593,P13887,2161-2176
DP03593,P13887,2469-2480
DP03593,P13887,1870-1922
DP03593,P13887,1943-1978
DP03593,P13887,1943-1978
DP03593,P13887,1943-1978
DP03593,P13887,1943-1978
DP03593,P13887,1870-1922
DP03593,P13887,1870-1919
DP03593,P13887,1946-2038
DP03593,P13887,2071-2093
DP03593,P13887,2429-2454
DP03594,P50579,1-109
DP03594,P50579,139-152
DP03595,P53254,1-80
DP03595,P53254,984-1009
DP03595,P53254,1117-1127
DP03596,P25368,106-119
DP03597,P02994,442-458
DP03597,P02994,454-458
DP03598,Q6VRZ6,101-137
DP03599,Q9JYK4,470-546
DP03600,Q9JXV4,66-92
DP03600,Q9JXV4,69-94
DP03600,Q9JXV4,69-79
DP03600,Q9JXV4,80-94
DP03600,Q9JXV4,80-94
DP03601,Q9JXP1,501-516
DP03601,Q9JXP1,1-40
DP03601,Q9JXP1,501-516
DP03601,Q9JXP1,501-516
DP03601,Q9JXP1,501-516
DP03604,Q93EK7,283-311
DP03604,Q93EK7,283-311
DP03605,Q9JZ55,238-250
DP03605,Q9JZ55,240-250
DP03606,P0CE18,20-99
DP03606,P0CE18,91-99
DP03607,Q9K169,1-14
DP03607,Q9K169,1-14
DP03608,A6YID9,1-38
DP03609,H2L2M0,91-117
DP03609,H2L2M0,91-117
DP03610,O76744,1-23
DP03611,Q9JZN9,267-323
DP03611,Q9JZN9,267-323
DP03611,Q9JZN9,458-480
DP03611,Q9JZN9,458-480
DP03611,Q9JZN9,635-651
DP03611,Q9JZN9,635-651
DP03611,Q9JZN9,25-41
DP03611,Q9JZN9,265-275
DP03611,Q9JZN9,312-322
DP03612,J9ULM6,1-17
DP03613,P46434,11-33
DP03614,Q7DDR9,59-73
DP03614,Q7DDR9,178-191
DP03614,Q7DDR9,178-191
DP03614,Q7DDR9,178-191
DP03615,A0A1Y0DDB3,43-68
DP03615,A0A1Y0DDB3,141-151
DP03616,Q9JZ10,20-66
DP03616,Q9JZ10,55-59
DP03616,Q9JZ10,44-48
DP03617,Q7BMQ8,1-42
DP03618,Q8GKS5,1021-1035
DP03619,Q9NZD4,92-102
DP03620,Q12051,310-322
DP03621,P04807,1-17
DP03621,P04807,13-17
DP03621,P04807,13-17
DP03622,Q12962,178-191
DP03622,Q12962,178-191
DP03622,Q12962,1-112
DP03622,Q12962,178-191
DP03622,Q12962,209-218
DP03623,P0DTC1,4393-4405
DP03623,P0DTC1,4393-4405
DP03623,P0DTC1,4393-4405
DP03624,Q6ZMT4,1-31
DP03625,Q5NCY0,1132-1156
DP03625,Q5NCY0,1293-1323
DP03626,O15054,1141-1176
DP03626,O15054,1293-1322
DP03626,O15054,1141-1157
DP03626,O15054,1292-1323
DP03627,O15550,1048-1077
DP03627,O15550,1051-1077
DP03628,P52732,1-15
DP03628,P52732,1-16
DP03628,P52732,272-286
DP03628,P52732,272-286
DP03628,P52732,108-126
DP03628,P52732,270-287
DP03628,P52732,1-14
DP03629,Q9QR99,100-130
DP03629,Q9QR99,100-130
DP03630,P07197,790-916
DP03630,P07197,790-916
DP03630,P07197,790-916
DP03631,P0A9J4,294-303
DP03632,P49954,132-141
DP03633,P36421,224-233
DP03633,P36421,224-233
DP03634,Q92784-2,60-200
DP03634,Q92784-2,222-259
DP03634,Q92784-2,293-357
DP03635,P81605,77-87
DP03635,P81605,63-87
DP03635,P81605,63-87
DP03635,P81605,63-87
DP03635,P81605,63-110
DP03635,P81605,63-110
DP03635,P81605,63-110
DP03635,P81605,63-110
DP03635,P81605,63-110
DP03637,Q8NC51,149-288
DP03637,Q8NC51,300-400
DP03637,Q8NC51,387-400
DP03637,Q8NC51,149-188
DP03638,A0A8H4BZT2,1-102
DP03638,A0A8H4BZT2,1-102
DP03639,P03101,486-505
DP03639,P03101,486-505
DP03641,Q9AXT8,310-337
DP03641,Q9AXT8,417-441
DP03641,Q9AXT8,519-533
DP03641,Q9AXT8,887-912
DP03641,Q9AXT8,157-169
DP03642,B4FUM2,1-73
DP03643,Q6L4L4,87-105
DP03644,D3TI84,187-244
DP03644,D3TI84,492-503
DP03644,D3TI84,663-690
DP03644,D3TI84,795-933
DP03644,D3TI84,806-899
DP03644,D3TI84,806-933
DP03644,D3TI84,905-933
DP03645,Q9Y4D1,654-682
DP03646,Q76KU6,567-586
DP03647,Q9M2T2,10-55
DP03647,Q9M2T2,63-95
DP03647,Q9M2T2,111-156
DP03648,Q9SL42,20-37
DP03648,Q9SL42,20-37
DP03649,Q9UQ80,363-394
DP03649,Q9UQ80,364-368
DP03650,Q01484,1113-1122
DP03650,Q01484,1113-1122
DP03650,Q01484,1457-1476
DP03650,Q01484,1457-1476
DP03650,Q01484,817-873
DP03650,Q01484,846-873
DP03650,Q01484,683-693
DP03650,Q01484,1243-1255
DP03651,Q9MBH1,148-165
DP03651,Q9MBH1,110-121
DP03652,Q9LTJ1,128-140
DP03652,Q9LTJ1,67-78
DP03652,Q9LTJ1,127-137
DP03653,Q1ECR9,27-82
DP03653,Q1ECR9,27-82
DP03653,Q1ECR9,27-82
DP03654,P63104,234-245
DP03654,P63104,234-245
DP03654,P63104,234-245
DP03654,P63104,234-245
DP03654,P63104,234-245
DP03655,Q9SSK9,45-65
DP03656,Q9SN73,57-67
DP03657,Q9SSA5,297-336
DP03657,Q9SSA5,350-377
DP03659,Q14318,1-32
DP03659,Q14318,1-32
DP03659,Q14318,1-32
DP03659,Q14318,1-32
DP03659,Q14318,1-32
DP03659,Q14318,1-34
DP03659,Q14318,151-165
DP03659,Q14318,1-34
DP03659,Q14318,357-380
DP03659,Q14318,23-28
DP03659,Q14318,23-28
DP03659,Q14318,23-28
DP03659,Q14318,23-28
DP03659,Q14318,23-28
DP03659,Q14318,23-28
DP03659,Q14318,23-28
DP03660,A0A5F9ZHA1,1403-1430
DP03660,A0A5F9ZHA1,1403-1430
DP03660,A0A5F9ZHA1,1059-1068
DP03660,A0A5F9ZHA1,1059-1068
DP03660,A0A5F9ZHA1,796-852
DP03660,A0A5F9ZHA1,662-672
DP03660,A0A5F9ZHA1,825-852
DP03660,A0A5F9ZHA1,1189-1201
DP03661,Q9BY41,1-12
DP03662,P0AB71,178-194
DP03663,P0A9I5,76-87
DP03664,P0C1C6,1-448
DP03664,P0C1C6,1-448
DP03664,P0C1C6,1-448
DP03664,P0C1C6,1-448
DP03664,P0C1C6,1-448
DP03664,P0C1C6,1-448
DP03664,P0C1C6,1-448
DP03664,P0C1C6,1-448
DP03664,P0C1C6,1-448
DP03665,P33734,261-275
DP03666,Q12983,211-223
DP03667,P0C1C7,1-450
DP03667,P0C1C7,1-450
DP03667,P0C1C7,1-450
DP03667,P0C1C7,1-450
DP03667,P0C1C7,1-450
DP03667,P0C1C7,1-450
DP03667,P0C1C7,1-450
DP03669,Q4LE39,110-151
DP03669,Q4LE39,110-151
DP03669,Q4LE39,121-151
DP03670,P56962,142-228
DP03670,P56962,142-228
DP03670,P56962,142-228
DP03670,P56962,94-121
DP03670,P56962,94-121
DP03670,P56962,94-121
DP03670,P56962,171-176
DP03670,P56962,167-188
DP03670,P56962,142-167
DP03670,P56962,168-228
DP03670,P56962,168-228
DP03670,P56962,142-228
DP03670,P56962,142-228
DP03670,P56962,142-228
DP03670,P56962,142-228
DP03671,Q8TDY2,1543-1552
DP03672,O95197,1-27
DP03672,O95197,1-27
DP03672,O95197,988-1032
DP03672,O95197,988-1032
DP03672,O95197,988-1032
DP03672,O95197,988-1032
DP03674,Q9S7A9,104-131
DP03675,F4K4L7,182-191
DP03675,F4K4L7,182-191
DP03676,D0NBE6,370-381
DP03676,D0NBE6,377-381
DP03676,D0NBE6,378-381
DP03676,D0NBE6,378-381
DP03676,D0NBE6,378-381
DP03676,D0NBE6,378-381
DP03676,D0NBE6,378-381
DP03676,D0NBE6,378-381
DP03676,D0NBE6,378-381
DP03676,D0NBE6,378-381
DP03676,D0NBE6,378-381
DP03677,P35193,124-235
DP03677,P35193,124-235
DP03680,P49023,1-20
DP03680,P49023,213-232
DP03680,P49023,296-315
DP03681,P55285,592-607
DP03682,Q13043,326-401
DP03682,Q13043,326-401
DP03682,Q13043,343-357
DP03682,Q13043,358-372
DP03682,Q13043,343-357
DP03683,Q13137,365-413
DP03683,Q13137,127-141
DP03683,Q13137,129-141
DP03683,Q13137,129-141
DP03683,Q13137,135-139
DP03683,Q13137,128-140
DP03683,Q13137,127-141
DP03683,Q13137,130-140
DP03683,Q13137,131-137
DP03683,Q13137,131-137
DP03683,Q13137,131-137
DP03683,Q13137,133-137
DP03683,Q13137,128-141
DP03683,Q13137,128-141
DP03683,Q13137,128-141
DP03683,Q13137,134-136
DP03683,Q13137,134-136
DP03684,P40458,200-215
DP03685,P38428,45-65
DP03686,Q5ZUV9,442-458
DP03686,Q5ZUV9,1-46
DP03686,Q5ZUV9,433-502
DP03686,Q5ZUV9,10-21
DP03686,Q5ZUV9,278-287
DP03686,Q5ZUV9,347-357
DP03686,Q5ZUV9,16-17
DP03686,Q5ZUV9,29-32
DP03686,Q5ZUV9,29-32
DP03686,Q5ZUV9,16-19
DP03686,Q5ZUV9,16-19
DP03686,Q5ZUV9,29-32
DP03686,Q5ZUV9,435-438
DP03687,O00410,1-21
DP03687,O00410,316-329
DP03688,Q6DD88,1-21
DP03689,P07250,287-316
DP03689,P07250,76-110
DP03689,P07250,46-57
DP03689,P07250,1-24
DP03689,P07250,287-303
DP03690,P30518,343-371
DP03690,P30518,343-371
DP03690,P30518,343-371
DP03691,Q92847,339-366
DP03691,Q92847,339-366
DP03691,Q92847,339-366
DP03692,P07550,342-413
DP03692,P07550,342-413
DP03692,P07550,342-413
DP03693,P01732,128-182
DP03693,P01732,128-182
DP03694,Q8IY63,178-384
DP03694,Q8IY63,178-384
DP03694,Q8IY63,186-204
DP03694,Q8IY63,305-317
DP03694,Q8IY63,365-371
DP03694,Q8IY63,261-273
DP03694,Q8IY63,178-384
DP03695,P70365,368-385
DP03695,P70365,371-385
DP03695,P70365,367-385
DP03695,P70365,368-385
DP03697,Q07820,192-201
DP03697,Q07820,192-201
DP03697,Q07820,193-203
DP03698,Q8IEU1,130-148
DP03698,Q8IEU1,83-129
DP03698,Q8IEU1,83-129
DP03698,Q8IEU1,83-129
DP03699,A0A256WXF2,1-64
DP03700,Q9H9R9,1-158
DP03701,Q9HBA0,2-148
DP03701,Q9HBA0,2-68
DP03701,Q9HBA0,1-134
DP03702,A0A1D5PXA5,2-134
DP03702,A0A1D5PXA5,2-134
DP03702,A0A1D5PXA5,2-134
DP03702,A0A1D5PXA5,2-134
DP03702,A0A1D5PXA5,2-134
DP03702,A0A1D5PXA5,2-134
DP03702,A0A1D5PXA5,2-134
DP03702,A0A1D5PXA5,1-134
DP03702,A0A1D5PXA5,121-134
DP03702,A0A1D5PXA5,105-134
DP03702,A0A1D5PXA5,105-134
DP03702,A0A1D5PXA5,121-134
DP03702,A0A1D5PXA5,105-134
DP03702,A0A1D5PXA5,107-111
DP03703,Q8N660,174-247
DP03703,Q8N660,338-552
DP03703,Q8N660,338-412
DP03703,Q8N660,401-487
DP03703,Q8N660,478-552
DP03704,A0A1B0GTR3,1-108
DP03705,O05312,1-75
DP03705,O05312,1-75
DP03705,O05312,1-75
DP03705,O05312,61-74
DP03705,O05312,1-75
DP03706,Q13480,613-694
DP03706,Q13480,613-694
DP03706,Q13480,613-694
DP03706,Q13480,613-694
DP03706,Q13480,117-694
DP03707,P17706-2,303-387
DP03707,P17706-2,303-387
DP03707,P17706-2,303-387
DP03707,P17706-2,344-385
DP03707,P17706-2,344-385
DP03708,Q8IGP5,1-86
DP03708,Q8IGP5,1-86
DP03708,Q8IGP5,46-86
DP03708,Q8IGP5,41-86
DP03708,Q8IGP5,41-86
DP03708,Q8IGP5,1-86
DP03709,O96018,1-214
DP03709,O96018,1-214
DP03709,O96018,1-214
DP03709,O96018,1-214
DP03710,Q8NEB9,422-469
DP03710,Q8NEB9,873-887
DP03710,Q8NEB9,246-260
DP03710,Q8NEB9,418-470
DP03710,Q8NEB9,872-887
DP03710,Q8NEB9,418-434
DP03710,Q8NEB9,452-469
DP03710,Q8NEB9,250-253
DP03710,Q8NEB9,250-253
DP03710,Q8NEB9,250-253
DP03711,Q9BXW4,1-12
DP03712,Q99623,246-265
DP03713,Q9H0E2,1-53
DP03713,Q9H0E2,1-53
DP03713,Q9H0E2,1-53
DP03713,Q9H0E2,23-53
DP03713,Q9H0E2,1-22
DP03713,Q9H0E2,1-22
DP03713,Q9H0E2,1-53
DP03714,Q12142,1-285
DP03714,Q12142,158-171
DP03714,Q12142,158-171
DP03714,Q12142,183-196
DP03714,Q12142,183-196
DP03714,Q12142,183-196
DP03714,Q12142,158-171
DP03715,Q02948,1-156
DP03715,Q02948,423-432
DP03715,Q02948,463-488
DP03715,Q02948,541-557
DP03716,P22219,170-193
DP03716,P22219,378-401
DP03716,P22219,808-833
DP03716,P22219,887-985
DP03716,P22219,887-985
DP03717,P22543,226-273
DP03717,P22543,226-273
DP03717,P22543,438-477
DP03718,Q05919,1-19
DP03718,Q05919,91-110
DP03718,Q05919,152-183
DP03718,Q05919,322-344
DP03718,Q05919,152-183
DP03719,O15392,1-10
DP03719,O15392,1-99
DP03721,Q9W1M7,422-531
DP03721,Q9W1M7,423-531
DP03722,P01089,36-45
DP03722,P01089,68-92
DP03723,P23110,39-48
DP03723,P23110,68-87
DP03724,A0A396GSL0,33-55
DP03726,P40939,637-647
DP03727,A7KHA7,24-50
DP03727,A7KHA7,39-50
DP03727,A7KHA7,24-39
DP03727,A7KHA7,39-50
DP03727,A7KHA7,39-50
DP03728,Q6CSX2,562-831
DP03728,Q6CSX2,562-831
DP03729,Q8IYT8,168-177
DP03730,Q13627,481-490
DP03730,Q13627,481-490
DP03731,Q9UHK0,486-495
DP03732,Q8NER1,2-100
DP03733,Q9Y5S1,2-73
DP03734,Q8NET8,2-119
DP03735,Q9ET78,331-413
DP03737,Q8NE35-2,1-426
DP03737,Q8NE35-2,1-426
DP03737,Q8NE35-2,1-426
DP03739,P24588,300-427
DP03739,P24588,300-427
DP03739,P24588,404-413
DP03739,P24588,390-395
DP03739,P24588,361-365
DP03739,P24588,371-375
DP03739,P24588,337-343
DP03739,P24588,300-425
DP03739,P24588,337-343
DP03739,P24588,390-417
DP03740,Q9C6B8,289-451
DP03741,P03300,1457-1469
DP03741,P03300,1501-1515
DP03742,P04584,111-135
DP03743,Q96QZ7,555-580
DP03744,Q9VVJ7,150-178
DP03744,Q9VVJ7,17-61
DP03745,Q8VHC3,25-34
DP03745,Q8VHC3,121-145
DP03748,P75862,169-180
DP03749,Q92871,1-11
DP03751,Q9XZT6,221-250
DP03755,A0A090N8E9,735-751
DP03756,P36888,762-782
DP03756,P36888,948-958
DP03758,Q96ST2,352-548
DP03758,Q96ST2,352-548
DP03758,Q96ST2,352-548
DP03758,Q96ST2,352-548
DP03758,Q96ST2,352-548
DP03759,P25454,329-344
DP03759,P25454,1-77
DP03759,P25454,328-347
DP03760,P26332,385-400
DP03760,P26332,443-459
DP03761,Q9GU80,187-211
DP03761,Q9GU80,198-223
DP03761,Q9GU80,187-211
DP03761,Q9GU80,198-223
DP03764,A4HN55,1-29
DP03765,A0A109NYM0,1-10
DP03766,A4IDD0,242-264
DP03766,A4IDD0,242-264
DP03767,A4HV47,1-54
DP03768,A4IDD6,1-99
DP03768,A4IDD6,1-99
DP03769,A4HSQ5,1-33
DP03770,A4IBS2,1-29
DP03770,A4IBS2,1-29
DP03771,Q8WQM6,201-210
DP03772,D0AB09,1-10
DP03773,A0A024B7W1,2396-2434
DP03773,A0A024B7W1,2396-2434
DP03773,A0A024B7W1,2396-2434
DP03773,A0A024B7W1,2396-2434
DP03773,A0A024B7W1,2927-2941
DP03773,A0A024B7W1,2979-2992
DP03773,A0A024B7W1,966-1065
DP03774,A0A504X6A3,1-54
DP03775,A0A3S7WPD8,1-33
DP03776,A0A504Y5E1,274-285
DP03777,Q9TXA6,129-141
DP03778,O44012,239-249
DP03779,A4IDS4,212-246
DP03780,D1M863,1-25
DP03781,Q6QDB5,70-80
DP03781,Q6QDB5,112-132
DP03781,Q6QDB5,227-254
DP03782,B5TV91,186-226
DP03782,B5TV91,118-134
DP03782,B5TV91,118-134
DP03783,Q4Q5S8,1-10
DP03784,Q4QCD2,737-747
DP03786,A0A175WC91,118-132
DP03786,A0A175WC91,118-132
DP03786,A0A175WC91,118-133
DP03786,A0A175WC91,118-133
DP03787,A0A1B0XTC8,437-451
DP03788,A0A109PRQ3,2927-2944
DP03788,A0A109PRQ3,2976-2995
DP03788,A0A109PRQ3,2785-2794
DP03789,A0A1V0E2H9,1-23
DP03790,A9LID6,674-773
DP03790,A9LID6,194-280
DP03791,Q26502,1-15
DP03792,G4VQX9,280-289
DP03792,G4VQX9,280-289
DP03793,Q6WVP6,1-17
DP03794,Q5SBG8,900-920
DP03794,Q5SBG8,900-920
DP03795,E9BNI3,1-54
DP03797,Q4QDS0,288-328
DP03797,Q4QDS0,676-687
DP03798,Q711P7,252-262
DP03798,Q711P7,552-577
DP03799,Q9U5N6,358-370
DP03800,P42861,1-48
DP03801,O97193,340-351
DP03801,O97193,52-70
DP03801,O97193,52-61
DP03801,O97193,61-70
DP03802,A0A1L8HGL2,738-1171
DP03803,Q24459,339-354
DP03804,Q9VVI2,71-101
DP03804,Q9VVI2,71-101
DP03804,Q9VVI2,101-338
DP03804,Q9VVI2,101-338
DP03805,Q15858,417-725
DP03805,Q15858,973-1174
DP03805,Q15858,973-1174
DP03805,Q15858,417-725
DP03805,Q15858,1-113
DP03805,Q15858,1769-1988
DP03806,Q3U8S1,293-365
DP03806,Q3U8S1,293-365
DP03806,Q3U8S1,293-365
DP03806,Q3U8S1,293-365
DP03807,A8K2U0,634-668
DP03807,A8K2U0,696-726
DP03809,B6VDJ7,50-65
DP03810,P0AFI0,552-564
DP03811,Q00266,1-13
DP03812,P33371,99-111
DP03813,P0A6B7,393-404
DP03814,Q9BU02,215-230
DP03815,P32449,1-22
DP03815,P32449,1-20
DP03816,Q99986,1-20
DP03816,Q99986,343-364
DP03816,Q99986,342-353
DP03816,Q99986,342-364
DP03817,P42658,117-126
DP03817,P42658,850-865
DP03818,P57104,1-13
DP03818,P57104,1-13
DP03818,P57104,1-13
DP03818,P57104,1-13
DP03818,P57104,1-13
DP03818,P57104,1-13
DP03818,P57104,1-13
DP03818,P57104,1-13
DP03819,P56917,1-13
DP03820,P26196,81-93
DP03821,Q9UL18,1-21
DP03821,Q9UL18,113-126
DP03821,Q9UL18,819-834
DP03822,P78563,462-473
DP03822,P78563,299-316
DP03822,P78563,454-477
DP03822,P78563,454-477
DP03822,P78563,215-233
DP03823,P55011,1-283
DP03823,P55011,1-285
DP03823,P55011,1-286
DP03823,P55011,557-572
DP03824,A0A0G2KTI4,1-205
DP03824,A0A0G2KTI4,856-925
DP03824,A0A0G2KTI4,856-925
DP03825,P15056,600-611
DP03825,P15056,601-613
DP03825,P15056,597-613
DP03825,P15056,600-610
DP03825,P15056,601-614
DP03825,P15056,601-611
DP03825,P15056,432-447
DP03825,P15056,432-447
DP03826,Q91V14,1-84
DP03826,Q91V14,952-1074
DP03826,Q91V14,1027-1031
DP03828,Q9U4H7,87-106
DP03829,Q00534,1-11
DP03829,Q00534,46-55
DP03829,Q00534,167-180
DP03829,Q00534,45-56
DP03829,Q00534,168-181
DP03829,Q00534,1-10
DP03830,Q9Y5P4,344-361
DP03830,Q9Y5P4,344-362
DP03830,Q9Y5P4,187-218
DP03830,Q9Y5P4,300-381
DP03832,Q16740,57-72
DP03832,Q16740,250-277
DP03833,Q9H9E3,525-536
DP03834,A4D126,319-334
DP03835,P14868,224-247
DP03835,P14868,1-20
DP03835,P14868,273-282
DP03835,P14868,163-172
DP03835,P14868,163-172
DP03835,P14868,237-241
DP03835,P14868,239-243
DP03836,Q6PI48,631-645
DP03837,P49366,76-92
DP03837,P49366,1-27
DP03837,P49366,1-12
DP03838,O00548,443-551
DP03839,Q92785,235-249
DP03841,P07814,1003-1014
DP03841,P07814,1464-1473
DP03841,P07814,998-1015
DP03841,P07814,1464-1473
DP03841,P07814,1001-1014
DP03842,P37268,315-327
DP03843,Q9BYC5,68-107
DP03843,Q9BYC5,41-107
DP03845,P07902,1-21
DP03845,P07902,49-63
DP03845,P07902,367-379
DP03847,O94925,71-135
DP03847,O94925,72-135
DP03847,O94925,646-669
DP03847,O94925,72-136
DP03848,Q9NQX3,1-12
DP03849,P00492,104-123
DP03849,P00492,104-113
DP03849,P00492,103-119
DP03849,P00492,102-121
DP03850,E9AD06,1-66
DP03851,P14678,90-229
DP03851,P14678,50-62
DP03851,P14678,92-240
DP03851,P14678,88-174
DP03851,P14678,46-64
DP03852,P0ABK7,1-151
DP03852,P0ABK7,1-151
DP03852,P0ABK7,1-151
DP03852,P0ABK7,1-151
DP03852,P0ABK7,1-151
DP03852,P0ABK7,1-151
DP03853,P28307,1-151
DP03853,P28307,1-151
DP03853,P28307,1-151
DP03853,P28307,1-151
DP03853,P28307,1-151
DP03853,P28307,1-151
DP03853,P28307,1-151
DP03853,P28307,1-151
DP03853,P28307,1-22
DP03853,P28307,1-151
DP03853,P28307,43-65
DP03853,P28307,43-65
DP03853,P28307,88-110
DP03853,P28307,88-110
DP03853,P28307,133-151
DP03853,P28307,133-151
DP03853,P28307,66-87
DP03853,P28307,111-132
DP03853,P28307,1-151
DP03854,Q99714,95-113
DP03854,Q99714,208-228
DP03854,Q99714,97-102
DP03856,P35475,643-653
DP03857,P05019,70-90
DP03859,Q2M1P5,349-543
DP03859,Q2M1P5,349-398
DP03859,Q2M1P5,261-273
DP03859,Q2M1P5,230-241
DP03860,P01116,174-189
DP03860,P01116,167-189
DP03860,P01116,60-70
DP03860,P01116,60-64
DP03861,P36776,1-122
DP03861,P36776,222-271
DP03862,P21397,465-527
DP03862,P21397,1-11
DP03862,P21397,507-527
DP03863,O43318,66-80
DP03863,O43318,178-190
DP03864,P28482,1-15
DP03864,P28482,175-189
DP03865,O95822,344-371
DP03866,Q8IVH4,182-197
DP03866,Q8IVH4,268-279
DP03866,Q8IVH4,182-197
DP03866,Q8IVH4,268-279
DP03867,Q9Y4U1,231-282
DP03868,Q9H3L0,108-133
DP03868,Q9H3L0,108-132
DP03869,P22033,12-35
DP03869,P22033,12-26
DP03870,A0A6L0XH39,304-323
DP03870,A0A6L0XH39,268-284
DP03870,A0A6L0XH39,268-284
DP03870,A0A6L0XH39,361-373
DP03871,O77299,1-80
DP03872,O75970,1171-1183
DP03873,P42898,161-171
DP03874,P42345,290-355
DP03874,P42345,904-926
DP03874,P42345,1239-1262
DP03874,P42345,1811-1872
DP03874,P42345,2434-2491
DP03875,Q92913-2,159-192
DP03875,Q92913-2,159-192
DP03876,Q9UBK8,165-216
DP03876,Q9UBK8,258-271
DP03876,Q9UBK8,502-515
DP03877,O43776,98-110
DP03878,Q15233,54-65
DP03878,Q15233,53-65
DP03879,E9AE57,1-21
DP03880,P27913,14-23
DP03880,P27913,15-19
DP03880,P27913,14-23
DP03880,P27913,14-23
DP03880,P27913,14-23
DP03881,O15118,605-620
DP03881,O15118,374-383
DP03881,O15118,288-333
DP03881,O15118,797-813
DP03881,O15118,1256-1278
DP03881,O15118,289-329
DP03881,O15118,773-803
DP03881,O15118,960-983
DP03881,O15118,1252-1278
DP03882,P01111,59-70
DP03884,O96028,661-986
DP03884,O96028,1206-1365
DP03884,O96028,1221-1226
DP03885,P49902,489-536
DP03885,P49902,399-419
DP03885,P49902,1-23
DP03885,P49902,489-561
DP03885,P49902,403-419
DP03885,P49902,403-419
DP03885,P49902,1-23
DP03885,P49902,489-510
DP03885,P49902,537-553
DP03886,Q4Q159,214-240
DP03887,Q01782,120-132
DP03887,Q01782,121-133
DP03888,P61956,1-14
DP03889,Q16625,383-415
DP03890,Q01968,697-729
DP03891,O15294,757-771
DP03892,P00439,1-20
DP03894,O75151,60-79
DP03896,Q13635,1-75
DP03896,Q13635,608-730
DP03896,Q13635,888-901
DP03896,Q13635,1177-1447
DP03896,Q13635,614-728
DP03897,Q9UII6,1-24
DP03898,P80041,328-339
DP03898,P80041,477-486
DP03899,A0A2V2WGW5,5-23
DP03900,P16641,701-710
DP03901,A0A504XZ90,1-29
DP03901,A0A504XZ90,184-237
DP03902,A0A504WW14,1-1259
DP03903,Q869A5,76-116
DP03904,C4IN70,1-250
DP03904,C4IN70,1-250
DP03904,C4IN70,1-250
DP03904,C4IN70,1-250
DP03904,C4IN70,1-250
DP03905,C4IN68,1-152
DP03905,C4IN68,1-152
DP03905,C4IN68,1-152
DP03905,C4IN68,1-152
DP03906,C4IN69,1-182
DP03906,C4IN69,1-182
DP03906,C4IN69,1-182
DP03906,C4IN69,1-182
DP03906,C4IN69,1-182
DP03907,Q8TDP1,1-13
DP03907,Q8TDP1,87-117
DP03907,Q8TDP1,93-107
DP03908,P84243,1-38
DP03909,P36156,1-10
DP03909,P36156,84-93
DP03910,Q8WQX9,576-585
DP03910,Q8WQX9,565-585
DP03911,Q86C09,64-73
DP03912,P77526,205-215
DP03913,P0AFW0,101-114
DP03913,P0AFW0,101-114
DP03914,G0SCF1,31-88
DP03914,G0SCF1,31-88
DP03914,G0SCF1,50-64
DP03914,G0SCF1,77-161
DP03915,P22108,53-63
DP03916,Q3E7B7,1-35
DP03917,Q14011,90-172
DP03918,O39946,61-91
DP03918,O39946,150-194
DP03919,O15151,181-300
DP03919,O15151,181-300
DP03919,O15151,181-300
DP03920,D8SB57,39-52
DP03921,A5Y0M2,92-112
DP03922,Q13586,395-404
DP03923,Q9R825,31-48
DP03924,P78352,1-71
DP03925,Q4Q5U3,602-617
DP03926,P81274,355-421
DP03926,P81274,275-421
DP03927,W1J0W9,982-1027
DP03927,W1J0W9,1070-1084
DP03927,W1J0W9,1073-1082
DP03927,W1J0W9,1073-1082
DP03928,Q7RTN6,292-347
DP03928,Q7RTN6,300-347
DP03928,Q7RTN6,402-424
DP03929,Q9U1W1,195-486
DP03930,Q811T9,728-852
DP03930,Q811T9,765-852
DP03930,Q811T9,765-835
DP03931,Q9NRI5,718-771
DP03933,Q9TU17,98-141
DP03933,Q9TU17,223-348
DP03933,Q9TU17,110-136
DP03933,Q9TU17,225-413
DP03934,P55917,98-153
DP03934,P55917,235-440
DP03934,P55917,110-148
DP03934,P55917,237-440
DP03935,P28234,252-356
DP03935,P28234,252-356
DP03935,P28234,252-356
DP03937,Q03190,270-333
DP03938,P29353-2,1-41
DP03938,P29353-2,192-207
DP03938,P29353-2,17-34
DP03939,B0JEU3,418-450
DP03939,B0JEU3,543-569
DP03940,Q8S4P9,25-59
DP03940,Q8S4P9,433-448
DP03941,Q20010,2-122
DP03941,Q20010,269-404
DP03942,P34413,1-22
DP03943,A7M6E7,80-89
DP03943,A7M6E7,80-89
DP03944,P19525,229-255
DP03944,P19525,337-355
DP03944,P19525,441-451
DP03944,P19525,542-551
DP03944,P19525,170-251
DP03944,P19525,170-251
DP03944,P19525,80-100
DP03944,P19525,80-100
DP03944,P19525,444-448
DP03944,P19525,446-451
DP03945,Q16620,385-426
DP03946,Q9Y6K1,831-846
DP03946,Q9Y6K1,455-473
DP03946,Q9Y6K1,831-846
DP03946,Q9Y6K1,831-846
DP03946,Q9Y6K1,831-846
DP03947,P0A8J8,404-421
DP03948,Q8WQM8,1-28
DP03948,Q8WQM8,194-214
DP03949,O15294-3,747-760
DP03949,O15294-3,1-78
DP03950,Q02020,1-61
DP03951,O93568,420-435
DP03951,O93568,30-111
DP03952,Q13224,1-33
DP03952,Q13224,201-212
DP03952,Q13224,393-402
DP03952,Q13224,580-599
DP03953,P43034,298-307
DP03955,P33897,2-63
DP03955,P33897,437-461
DP03955,P33897,353-375
DP03955,P33897,684-745
DP03956,O14678,2-12
DP03956,O14678,357-383
DP03956,O14678,357-383
DP03957,P60709,33-78
DP03958,O96019,45-67
DP03958,O96019,216-245
DP03958,O96019,312-322
DP03958,O96019,1-11
DP03958,O96019,45-67
DP03958,O96019,216-245
DP03958,O96019,312-322
DP03958,O96019,418-429
DP03959,Q9Y653,549-559
DP03959,Q9Y653,664-693
DP03960,P55263,348-362
DP03961,Q9NX46,1-13
DP03961,Q9NX46,60-69
DP03962,P30566,283-294
DP03962,P30566,475-484
DP03963,O95831,78-125
DP03963,O95831,511-559
DP03963,O95831,545-556
DP03963,O95831,78-121
DP03963,O95831,546-558
DP03963,O95831,517-550
DP03963,O95831,103-127
DP03963,O95831,517-545
DP03963,O95831,517-545
DP03964,P47895,1-26
DP03964,P47895,1-19
DP03965,P30038,512-537
DP03965,P30038,552-563
DP03966,P49419,487-509
DP03966,P49419,528-539
DP03966,P49419,487-509
DP03967,Q96BT7,159-173
DP03967,Q96BT7,182-191
DP03968,Q01433,283-302
DP03968,Q01433,444-495
DP03968,Q01433,282-294
DP03969,Q9H1A4,1-10
DP03969,Q9H1A4,33-70
DP03969,Q9H1A4,134-145
DP03969,Q9H1A4,193-205
DP03969,Q9H1A4,277-403
DP03969,Q9H1A4,513-580
DP03969,Q9H1A4,671-703
DP03969,Q9H1A4,732-756
DP03969,Q9H1A4,815-838
DP03969,Q9H1A4,883-923
DP03969,Q9H1A4,987-1012
DP03969,Q9H1A4,1334-1346
DP03969,Q9H1A4,1438-1451
DP03969,Q9H1A4,1705-1746
DP03969,Q9H1A4,1756-1769
DP03969,Q9H1A4,1828-1838
DP03969,Q9H1A4,1896-1907
DP03969,Q9H1A4,1933-1944
DP03970,Q9NW15,1-12
DP03970,Q9NW15,642-660
DP03970,Q9NW15,463-474
DP03970,Q9NW15,1-13
DP03970,Q9NW15,640-660
DP03971,Q10567,1-13
DP03972,Q62768,1341-1351
DP03972,Q62768,1458-1467
DP03972,Q62768,1517-1531
DP03973,P33891,217-234
DP03974,P53847,1-36
DP03974,P53847,388-467
DP03975,P14867,351-410
DP03976,P28472,338-439
DP03977,P18507,363-436
DP03978,P19658,222-233
DP03979,F2SDI0,585-815
DP03979,F2SDI0,585-815
DP03979,F2SDI0,585-815
DP03979,F2SDI0,585-815
DP03980,Q80U30-3,347-472
DP03980,Q80U30-3,347-472
DP03980,Q80U30-3,347-472
DP03980,Q80U30-3,347-472
DP03980,Q80U30-3,347-472
DP03980,Q80U30-3,347-472
DP03980,Q80U30-3,347-472
DP03982,Q7Y1A0,1-210
DP03982,Q7Y1A0,1-210
DP03982,Q7Y1A0,1-210
DP03982,Q7Y1A0,1-210
DP03984,Q9Z4N3,21-143
DP03984,Q9Z4N3,21-143
DP03984,Q9Z4N3,59-141
DP03984,Q9Z4N3,110-123
DP03984,Q9Z4N3,128-142
DP03984,Q9Z4N3,57-95
DP03984,Q9Z4N3,21-143
DP03985,Q922S8,183-223
DP03988,Q86WX3,1-136
DP03988,Q86WX3,1-136
DP03988,Q86WX3,1-136
DP03988,Q86WX3,1-136
DP03988,Q86WX3,1-136
DP03988,Q86WX3,1-136
DP03989,Q2YLR6,22-85
DP03989,Q2YLR6,22-61
DP03989,Q2YLR6,22-81
DP03989,Q2YLR6,22-81
DP03989,Q2YLR6,22-81
DP03989,Q2YLR6,22-81
DP03991,Q9UN86,45-54
DP03992,P0A7I7,175-196
DP03993,Q12395,1-11
DP03993,Q12395,56-65
DP03994,P42641,361-382
DP03994,P42641,361-382
DP03994,P42641,338-390
DP03995,P40484,114-125
DP03995,P40484,86-97
DP03995,P40484,114-125
DP03995,P40484,86-97
DP03996,C0IR59,173-193
DP03996,C0IR59,258-271
DP03996,C0IR59,353-391
DP03997,A0A3Q7EK40,275-287
DP03997,A0A3Q7EK40,374-391
DP03997,A0A3Q7EK40,416-435
DP03998,O25119,86-117
DP03999,Q8IL97,126-174
DP04000,Q9U7C3,453-473
DP04000,Q9U7C3,459-473
DP04000,Q9U7C3,600-611
DP04002,Q71RI2,201-300
DP04002,Q71RI2,263-291
DP04003,P0C746,3-77
DP04003,P0C746,3-77
DP04003,P0C746,3-77
DP04003,P0C746,3-77
DP04003,P0C746,33-56
DP04006,Q9RV58,104-245
DP04006,Q9RV58,104-245
DP04006,Q9RV58,104-245
DP04007,G5EFU3,226-702
DP04007,G5EFU3,226-702
DP04007,G5EFU3,226-702
DP04008,Q8S8Z3,42-162
DP04008,Q8S8Z3,42-162
DP04008,Q8S8Z3,42-162
DP04009,O64820,1-92
DP04009,O64820,1-92
DP04010,Q94K79,1-83
DP04010,Q94K79,1-83
DP04011,O23658,1-71
DP04011,O23658,1-71
DP04012,Q02973,1-92
DP04012,Q02973,1-92
DP04014,Q9LL46,1-82
DP04014,Q9LL46,1-82
DP04014,Q9LL46,1-82
DP04014,Q9LL46,1-82
DP04014,Q9LL46,1-82
DP04014,Q9LL46,1-82
DP04017,Q6UNL8,1-554
DP04017,Q6UNL8,1-554
DP04017,Q6UNL8,1-554
DP04017,Q6UNL8,1-554
DP04017,Q6UNL8,1-554
DP04017,Q6UNL8,1-554
DP04017,Q6UNL8,1-554
DP04022,Q6BDI9,1-14
DP04022,Q6BDI9,117-130
DP04023,P10949,10-25
DP04023,P10949,198-227
DP04024,P63040,71-134
DP04024,P63040,71-134
DP04024,P63040,114-134
DP04024,P63040,114-134
DP04026,P53228,1-11
DP04027,P37837,1-10
DP04028,Q9CA59,225-255
DP04028,Q9CA59,226-232
DP04028,Q9CA59,165-184
DP04028,Q9CA59,194-203
DP04029,Q94A79,1-42
DP04029,Q94A79,410-420
DP04030,P41743,233-248
DP04030,P41743,542-560
DP04032,Q6ZT98,236-268
DP04032,Q6ZT98,383-450
DP04032,Q6ZT98,485-518
DP04035,Q8RN04,70-82
DP04036,Q6FML9,227-236
DP04036,Q6FML9,92-105
DP04036,Q6FML9,301-312
DP04037,E9ADE1,101-121
DP04038,Q06069,68-80
DP04039,Q4QF76,170-199
DP04039,Q4QF76,170-199
DP04039,Q4QF76,170-199
DP04040,Q9TZX2,179-188
DP04041,O77103,218-235
DP04042,O00834,17-27
DP04044,P50489,351-387
DP04044,P50489,261-272
DP04045,Q7KQK5,351-387
DP04046,P62368,82-97
DP04048,Q9U1D9,1-18
DP04049,Q86MV5,20-29
DP04049,Q86MV5,474-487
DP04050,Q257B3,314-345
DP04050,Q257B3,262-274
DP04050,Q257B3,262-274
DP04051,Q8IJ45,375-389
DP04051,Q8IJ45,375-389
DP04052,Q8I639,2333-2349
DP04054,Q57WT9,210-246
DP04054,Q57WT9,210-246
DP04055,Q2WF71,233-242
DP04056,Q96NI6,222-231
DP04056,Q96NI6,292-378
DP04056,Q96NI6,292-378
DP04057,Q8BPQ7,390-413
DP04058,Q9R0M6,178-199
DP04059,Q8BXA0,216-233
DP04060,Q8LGG8,56-65
DP04061,P29617,1614-1626
DP04062,Q9Y4B6,1486-1499
DP04063,P07275,524-546
DP04063,P07275,23-42
DP04063,P07275,379-390
DP04063,P07275,566-575
DP04063,P07275,379-395
DP04064,Q62765-2,548-562
DP04064,Q62765-2,548-562
DP04064,Q62765-2,548-562
DP04065,P38319,1-67
DP04065,P38319,68-78
DP04065,P38319,342-352
DP04066,P0A8P8,101-110
DP04066,P0A8P8,101-110
DP04067,Q9H078,208-227
DP04068,P19632,36-67
DP04068,P19632,1-12
DP04068,P19632,231-245
DP04070,Q96F81,254-291
DP04070,Q96F81,254-291
DP04070,Q96F81,390-414
DP04070,Q96F81,663-687
DP04070,Q96F81,1145-1249
DP04070,Q96F81,1-180
DP04070,Q96F81,1149-1524
DP04070,Q96F81,263-280
DP04070,Q96F81,1-180
DP04070,Q96F81,1145-1524
DP04070,Q96F81,662-686
DP04070,Q96F81,263-285
DP04070,Q96F81,263-285
DP04070,Q96F81,263-280
DP04072,Q12402,79-88
DP04072,Q12402,79-88
DP04073,P63103,204-215
DP04073,P63103,229-245
DP04073,P63103,229-245
DP04074,Q9Y6X9,551-603
DP04075,Q9Y2M5,303-316
DP04076,P35790,151-173
DP04077,Q9UQ13,1-85
DP04077,Q9UQ13,1-85
DP04078,P35790-2,50-81
DP04078,P35790-2,50-85
DP04078,P35790-2,131-140
DP04078,P35790-2,131-140
DP04078,P35790-2,131-140
DP04078,P35790-2,296-308
DP04078,P35790-2,296-308
DP04078,P35790-2,296-308
DP04080,Q9ULK4,1335-1368
DP04081,Q9UIW2,25-38
DP04082,Q9NXG6,88-106
DP04082,Q9NXG6,482-502
DP04083,Q9BPU6,493-564
DP04084,P37093,1-13
DP04084,P37093,82-96
DP04086,P54577,343-364
DP04086,P54577,343-364
DP04087,P07206,21-38
DP04087,P07206,21-38
DP04088,Q7Y3F1,289-308
DP04088,Q7Y3F1,289-308
DP04089,P0AGD7,341-368
DP04090,P26949,23-39
DP04090,P26949,23-39
DP04090,P26949,145-158
DP04091,P26926,130-145
DP04092,P02710,205-222
DP04092,P02710,205-222
DP04092,P02710,205-222
DP04092,P02710,356-393
DP04093,P30531,1-46
DP04093,P30531,578-599
DP04094,P35219,1-22
DP04095,P49758,453-470
DP04096,A0A0B4JDC9,909-935
DP04096,A0A0B4JDC9,909-935
DP04097,P46097,8-41
DP04098,P49802,451-463
DP04098,P49802,1-17
DP04098,P49802,219-255
DP04098,P49802,451-495
DP04100,O00584,215-234
DP04101,Q9H0W8,1-11
DP04101,Q9H0W8,12-180
DP04101,Q9H0W8,12-180
DP04101,Q9H0W8,12-180
DP04101,Q9H0W8,2-180
DP04101,Q9H0W8,2-180
DP04102,P17993,1-15
DP04103,P0AC51,153-171
DP04104,Q9NRA2,1-31
DP04104,Q9NRA2,69-101
DP04104,Q9NRA2,69-101
DP04105,O43747,677-699
DP04107,O95470,62-109
DP04107,O95470,554-568
DP04108,P52306-2,61-78
DP04109,Q15326,172-195
DP04110,P0A8W0,1-29
DP04110,P0A8W0,247-263
DP04110,P0A8W0,1-20
DP04110,P0A8W0,249-263
DP04110,P0A8W0,1-29
DP04111,Q96C36,274-300
DP04112,Q3SYG4,219-232
DP04112,Q3SYG4,370-407
DP04112,Q3SYG4,210-232
DP04112,Q3SYG4,801-887
DP04113,Q8NFJ9,1-20
DP04114,A0A0C4DGY3,78-180
DP04115,Q96RK4,1-27
DP04115,Q96RK4,424-519
DP04116,A8MTZ0,1-25
DP04116,A8MTZ0,81-92
DP04117,Q8N3I7,135-148
DP04117,Q8N3I7,254-341
DP04118,O43665,98-116
DP04118,O43665,111-121
DP04118,O43665,10-31
DP04119,Q01105-2,168-188
DP04120,O14775,1-56
DP04121,Q5T848,1-69
DP04121,Q5T848,221-260
DP04121,Q5T848,362-388
DP04121,Q5T848,24-70
DP04121,Q5T848,221-261
DP04121,Q5T848,512-524
DP04121,Q5T848,512-524
DP04121,Q5T848,512-524
DP04121,Q5T848,669-702
DP04121,Q5T848,764-863
DP04121,Q5T848,669-710
DP04122,P93343,241-260
DP04123,Q5HYA8,1-36
DP04123,Q5HYA8,644-665
DP04123,Q5HYA8,793-827
DP04123,Q5HYA8,849-867
DP04124,C1JEX5,734-761
DP04125,P06702,87-114
DP04126,P95493,662-673
DP04127,W1QJK4,1-19
DP04127,W1QJK4,47-56
DP04127,W1QJK4,115-128
DP04127,W1QJK4,141-158
DP04127,W1QJK4,141-158
DP04127,W1QJK4,115-128
DP04127,W1QJK4,47-56
DP04128,P15126,1-43
DP04129,P42858,1-17
DP04129,P42858,1-17
DP04129,P42858,19-29
DP04129,P42858,1-34
DP04129,P42858,1-17
DP04129,P42858,39-88
DP04129,P42858,1-38
DP04129,P42858,1-90
DP04129,P42858,1-90
DP04129,P42858,1-87
DP04129,P42858,1-87
DP04129,P42858,1-87
DP04129,P42858,1-87
DP04129,P42858,1-87
DP04129,P42858,1-87
DP04129,P42858,1-87
DP04129,P42858,1-87
DP04129,P42858,1-88
DP04129,P42858,1-88
DP04129,P42858,1-88
DP04129,P42858,1-87
DP04129,P42858,1718-1732
DP04129,P42858,1718-1732
DP04129,P42858,2067-2095
DP04129,P42858,2067-2095
DP04129,P42858,2067-2090
DP04129,P42858,2067-2090
DP04129,P42858,407-664
DP04129,P42858,419-432
DP04129,P42858,1179-1199
DP04129,P42858,1162-1226
DP04129,P42858,1-94
DP04129,P42858,1323-1351
DP04129,P42858,1376-1422
DP04129,P42858,1859-1885
DP04129,P42858,2329-2351
DP04129,P42858,2631-2664
DP04129,P42858,3103-3142
DP04129,P42858,1862-1874
DP04129,P42858,2333-2337
DP04129,P42858,327-346
DP04129,P42858,964-981
DP04129,P42858,1107-1124
DP04129,P42858,2476-2494
DP04129,P42858,2930-2948
DP04129,P42858,2338-2342
DP04130,P32911,1-25
DP04131,Q5TDH0,116-133
DP04131,Q5TDH0,116-133
DP04131,Q5TDH0,192-212
DP04131,Q5TDH0,192-212
DP04132,Q9NZC2,131-174
DP04132,Q9NZC2,189-206
DP04132,Q9NZC2,189-198
DP04132,Q9NZC2,190-194
DP04133,P02649,19-40
DP04133,P02649,100-109
DP04133,P02649,183-209
DP04133,P02649,184-242
DP04133,P02649,19-41
DP04133,P02649,186-223
DP04133,P02649,19-40
DP04133,P02649,185-209
DP04133,P02649,183-209
DP04133,P02649,19-38
DP04134,O54918-2,1-113
DP04134,O54918-2,1-113
DP04134,O54918-2,1-113
DP04134,O54918-2,1-113
DP04134,O54918-2,76-113
DP04134,O54918-2,76-113
DP04134,O54918-2,83-108
DP04134,O54918-2,83-108
DP04134,O54918-2,83-108
DP04134,O54918-2,76-113
DP04135,Q92800,1-30
DP04135,Q92800,728-747
DP04135,Q92800,125-271
DP04135,Q92800,323-431
DP04135,Q92800,478-517
DP04135,Q92800,323-431
DP04135,Q92800,323-431
DP04135,Q92800,323-431
DP04137,O43561-2,30-233
DP04137,O43561-2,30-233
DP04137,O43561-2,30-233
DP04137,O43561-2,30-233
DP04138,P19597,19-105
DP04138,P19597,19-105
DP04138,P19597,19-105
DP04138,P19597,19-105
DP04138,P19597,19-105
DP04139,O14497,1-1016
DP04139,O14497,1124-1611
DP04140,Q8R4E9,420-451
DP04141,Q96E09,1-124
DP04141,Q96E09,30-115
DP04141,Q96E09,73-95
DP04141,Q96E09,81-111
DP04141,Q96E09,81-111
DP04141,Q96E09,81-111
DP04141,Q96E09,29-80
DP04141,Q96E09,84-89
DP04141,Q96E09,90-95
DP04141,Q96E09,97-111
DP04141,Q96E09,104-108
DP04141,Q96E09,1-124
DP04141,Q96E09,97-111
DP04141,Q96E09,1-124
DP04142,Q09312,570-632
DP04142,Q09312,605-615
DP04142,Q09312,605-615
DP04142,Q09312,605-615
DP04142,Q09312,607-613
DP04142,Q09312,570-632
DP04142,Q09312,570-632
DP04142,Q09312,570-632
DP04142,Q09312,570-632
DP04144,P21707,80-142
DP04144,P21707,80-142
DP04144,P21707,80-142
DP04144,P21707,80-142
DP04144,P21707,80-142
DP04144,P21707,80-142
DP04144,P21707,80-142
DP04144,P21707,86-139
DP04144,P21707,80-139
DP04144,P21707,80-139
DP04144,P21707,99-140
DP04144,P21707,99-140
DP04144,P21707,80-139
DP04144,P21707,80-139
DP04145,P21579,81-142
DP04145,P21579,81-142
DP04145,P21579,81-142
DP04145,P21579,81-142
DP04145,P21579,81-142
DP04145,P21579,81-142
DP04145,P21579,81-142
DP04145,P21579,81-142
DP04148,P08453,1-162
DP04148,P08453,1-162
DP04148,P08453,1-162
DP04148,P08453,1-162
DP04148,P08453,1-162
DP04148,P08453,1-162
DP04148,P08453,1-327
DP04149,P51788,1-88
DP04149,P51788,650-753
DP04149,P51788,846-898
DP04149,P51788,561-572
DP04149,P51788,645-743
DP04149,P51788,14-28
DP04149,P51788,14-27
DP04149,P51788,14-27
DP04149,P51788,14-28
DP04149,P51788,409-418
DP04149,P51788,14-28
DP04151,O49255,162-268
DP04151,O49255,162-268
DP04151,O49255,162-268
DP04151,O49255,206-226
DP04152,Q9C932,163-317
DP04152,Q9C932,163-317
DP04152,Q9C932,163-317
DP04153,Q6NQK2,210-449
DP04153,Q6NQK2,210-449
DP04154,Q9XIN7,156-335
DP04154,Q9XIN7,156-335
DP04155,P28749,612-687
DP04155,P28749,614-624
DP04155,P28749,615-630
DP04155,P28749,615-630
DP04155,P28749,647-663
DP04155,P28749,647-663
DP04155,P28749,647-663
DP04155,P28749,613-617
DP04155,P28749,638-642
DP04155,P28749,615-630
DP04156,Q96B97,163-263
DP04156,Q96B97,163-263
DP04156,Q96B97,219-232
DP04156,Q96B97,219-232
DP04156,Q96B97,228-232
DP04156,Q96B97,219-232
DP04157,O00418,562-597
DP04158,Q9BX66,851-867
DP04158,Q9BX66,851-867
DP04159,A0A0H2ZJC1,1-55
DP04159,A0A0H2ZJC1,77-105
DP04159,A0A0H2ZJC1,77-105
DP04159,A0A0H2ZJC1,1-55
DP04159,A0A0H2ZJC1,95-99
DP04159,A0A0H2ZJC1,1-55
DP04160,Q0B311,296-315
DP04160,Q0B311,296-315
DP04160,Q0B311,307-315
DP04161,B7UM99,198-233
DP04161,B7UM99,1-80
DP04161,B7UM99,388-550
DP04161,B7UM99,388-550
DP04161,B7UM99,198-233
DP04161,B7UM99,452-456
DP04161,B7UM99,472-476
DP04161,B7UM99,481-485
DP04161,B7UM99,509-513
DP04161,B7UM99,388-550
DP04161,B7UM99,509-515
DP04161,B7UM99,454-511
DP04161,B7UM99,483-515
DP04163,P32120-2,350-393
DP04163,P32120-2,349-385
DP04164,O94885,396-564
DP04165,E7CC86,147-166
DP04165,E7CC86,147-166
DP04166,P56536,325-338
DP04166,P56536,325-338
DP04166,P56536,325-338
DP04167,Q8N6T7,284-355
DP04167,Q8N6T7,1-25
DP04167,Q8N6T7,62-84
DP04167,Q8N6T7,293-355
DP04167,Q8N6T7,330-348
DP04167,Q8N6T7,293-355
DP04167,Q8N6T7,270-355
DP04167,Q8N6T7,270-355
DP04167,Q8N6T7,270-355
DP04167,Q8N6T7,293-344
DP04167,Q8N6T7,270-355
DP04167,Q8N6T7,290-355
DP04167,Q8N6T7,345-351
DP04167,Q8N6T7,272-355
DP04169,O00499,1-41
DP04169,O00499,12-30
DP04169,O00499,1-33
DP04169,O00499,1-33
DP04169,O00499,1-33
DP04169,O00499,1-33
DP04169,O00499,8-33
DP04169,O00499,10-33
DP04169,O00499,1-33
DP04169,O00499,1-33
DP04169,O00499,1-33
DP04170,P34174,151-164
DP04171,Q92784-1,60-200
DP04171,Q92784-1,222-259
DP04172,Q61474,185-200
DP04172,Q61474,194-362
DP04172,Q61474,194-362
DP04172,Q61474,194-362
DP04174,Q12211,1-71
DP04174,Q12211,254-266
DP04174,Q12211,254-266
DP04174,Q12211,464-483
DP04174,Q12211,464-483
DP04174,Q12211,494-544
DP04175,Q08647,1-36
DP04175,Q08647,485-506
DP04175,Q08647,662-676
DP04175,Q08647,87-201
DP04176,P9WHP7,112-139
DP04177,P05114,1-100
DP04177,P05114,1-100
DP04177,P05114,1-100
DP04177,P05114,11-64
DP04177,P05114,11-64
DP04178,O14746,180-321
DP04178,O14746,418-443
DP04184,P68633,38-67
DP04193,P12969,38-74
DP04195,Q4WE50,159-186
DP04196,Q12285,152-175
DP04196,Q12285,152-177
DP04199,Q9C7W1,1-178
DP04199,Q9C7W1,1-178
DP04199,Q9C7W1,1-178
DP04199,Q9C7W1,1-178
DP04199,Q9C7W1,1-178
DP04199,Q9C7W1,1-178
DP04199,Q9C7W1,1-178
DP04199,Q9C7W1,1-178
DP04199,Q9C7W1,1-178
DP04199,Q9C7W1,165-178
DP04199,Q9C7W1,165-178
DP04199,Q9C7W1,165-178
DP04200,A0A078IB52,1-150
DP04200,A0A078IB52,1-5
DP04200,A0A078IB52,1-150
DP04201,Q9LYG9,1-164
DP04201,Q9LYG9,1-165
DP04201,Q9LYG9,335-386
DP04201,Q9LYG9,397-431
DP04201,Q9LYG9,469-480
DP04201,Q9LYG9,313-506
DP04201,Q9LYG9,1-164
DP04202,P0A567,86-100
DP04202,P0A567,86-100
DP04203,P9WNK7,86-95
DP04203,P9WNK7,86-95
DP04214,P40399,85-112
DP04215,Q9JK62,261-335
DP04216,P0CAV4,139-255
DP04217,Q2KHT3,892-1050
DP04217,Q2KHT3,892-1052
DP04217,Q2KHT3,892-1052
DP04221,Q8GJM6,1-18
DP04221,Q8GJM6,1-18
